113.1788727	37.81474309	3689.026	63.317	
113.1788262	37.81486838	3689.121	63.332	
113.178779	37.81499388	3689.246	63.347	
113.1787307	37.81511934	3689.395	63.362	
113.1786817	37.8152447	3689.557	63.377	
113.1786319	37.81537005	3689.729	63.392	
113.1785812	37.81549531	3689.885	63.407	
113.1785297	37.81562035	3690.058	63.422	
113.1784772	37.81574517	3690.229	63.437	
113.178424	37.81586993	3690.401	63.452	
113.1783698	37.81599463	3690.591	63.467	
113.1783149	37.81611913	3690.758	63.482	
113.1782592	37.81624352	3690.931	63.497	
113.1782028	37.81636774	3691.106	63.512	
113.1781454	37.81649176	3691.289	63.527	
113.1780871	37.81661563	3691.481	63.542	
113.1780283	37.81673953	3691.654	63.557	
113.1779688	37.81686331	3691.842	63.572	
113.1779086	37.81698708	3692.016	63.587	
113.1778474	37.81711058	3692.184	63.602	
113.1777853	37.8172341	3692.339	63.617	
113.1777225	37.81735745	3692.497	63.632	
113.1776587	37.81748052	3692.666	63.647	
113.1775939	37.81760356	3692.829	63.662	
113.1775286	37.81772655	3693.025	63.677	
113.1774624	37.81784932	3693.204	63.692	
113.1773956	37.81797201	3693.388	63.707	
113.1773284	37.81809468	3693.574	63.722	
113.1772608	37.81821719	3693.744	63.737	
113.1771932	37.81833981	3693.939	63.752	
113.1771253	37.81846248	3694.121	63.767	
113.1770574	37.81858528	3694.307	63.782	
113.1769897	37.81870825	3694.494	63.797	
113.1769216	37.81883127	3694.666	63.812	
113.1768532	37.81895449	3694.84	63.827	
113.1767849	37.81907782	3695.013	63.842	
113.1767168	37.81920135	3695.189	63.857	
113.1766484	37.81932479	3695.369	63.872	
113.1765802	37.8194483	3695.558	63.887	
113.176512	37.81957156	3695.742	63.902	
113.1764439	37.81969485	3695.929	63.917	
113.1763758	37.81981815	3696.114	63.932	
113.1763076	37.81994141	3696.284	63.947	
113.1762395	37.82006461	3696.459	63.962	
113.1761714	37.82018781	3696.632	63.977	
113.1761033	37.82031103	3696.812	63.992	
113.1760352	37.82043429	3696.991	64.007	
113.1759671	37.82055752	3697.175	64.022	
113.175899	37.82068072	3697.349	64.037	
113.1758308	37.8208038	3697.522	64.052	
113.1757627	37.82092696	3697.71	64.067	
113.1756946	37.82104991	3697.905	64.082	
113.1756265	37.82117292	3698.101	64.097	
113.1755585	37.82129595	3698.282	64.112	
113.1754905	37.82141871	3698.46	64.127	
113.1754227	37.8215414	3698.604	64.142	
113.1753549	37.82166396	3698.782	64.157	
113.1752871	37.82178651	3698.965	64.172	
113.1752196	37.82190892	3699.14	64.187	
113.1751519	37.82203107	3699.322	64.202	
113.1750842	37.82215312	3699.507	64.217	
113.1750167	37.822275	3699.693	64.232	
113.1749492	37.82239681	3699.87	64.247	
113.1748819	37.8225184	3700.034	64.262	
113.174815	37.82264011	3700.211	64.277	
113.1747477	37.8227615	3700.388	64.292	
113.1746806	37.82288291	3700.545	64.307	
113.1746135	37.8230042	3700.713	64.322	
113.1745464	37.82312556	3700.877	64.337	
113.1744797	37.82324686	3701.054	64.352	
113.1744127	37.82336787	3701.217	64.367	
113.1743458	37.82348884	3701.382	64.382	
113.1742789	37.82360976	3701.575	64.397	
113.1742122	37.82373048	3701.776	64.412	
113.1741456	37.82385109	3701.951	64.427	
113.1740791	37.82397154	3702.131	64.442	
113.1740124	37.82409181	3702.328	64.457	
113.1739459	37.82421205	3702.498	64.472	
113.1738797	37.82433205	3702.658	64.487	
113.1738133	37.82445198	3702.827	64.502	
113.1737471	37.82457187	3703.005	64.517	
113.173681	37.82469144	3703.186	64.532	
113.1736148	37.82481106	3703.354	64.547	
113.1735487	37.82493066	3703.553	64.562	
113.1734828	37.82505004	3703.719	64.577	
113.1734169	37.82516929	3703.904	64.592	
113.1733509	37.82528862	3704.062	64.607	
113.173285	37.82540765	3704.224	64.622	
113.1732192	37.82552681	3704.403	64.637	
113.1731532	37.82564582	3704.566	64.652	
113.1730874	37.82576483	3704.732	64.667	
113.1730217	37.82588397	3704.893	64.682	
113.1729557	37.82600338	3705.022	64.697	
113.1728897	37.82612303	3705.129	64.712	
113.1728235	37.82624298	3705.18	64.727	
113.1727569	37.82636319	3705.245	64.742	
113.1726903	37.82648389	3705.281	64.757	
113.1726233	37.82660478	3705.323	64.772	
113.1725564	37.82672592	3705.369	64.787	
113.1724893	37.82684738	3705.396	64.802	
113.1724218	37.82696905	3705.42	64.817	
113.1723543	37.82709118	3705.446	64.832	
113.1722865	37.82721358	3705.479	64.847	
113.1722186	37.82733632	3705.523	64.862	
113.1721506	37.8274594	3705.552	64.877	
113.1720825	37.8275827	3705.593	64.892	
113.1720141	37.82770618	3705.619	64.907	
113.1719457	37.82782992	3705.658	64.922	
113.1718772	37.82795373	3705.667	64.937	
113.171809	37.82807735	3705.696	64.952	
113.1717407	37.82820054	3705.723	64.967	
113.1716728	37.82832359	3705.745	64.982	
113.171605	37.8284463	3705.777	64.997	
113.1715372	37.82856878	3705.816	65.012	
113.1714696	37.82869106	3705.832	65.027	
113.171402	37.8288131	3705.859	65.042	
113.1713348	37.82893506	3705.872	65.057	
113.1712674	37.82905687	3705.891	65.072	
113.1712001	37.82917849	3705.889	65.087	
113.1711329	37.82930016	3705.88	65.102	
113.171066	37.82942192	3705.87	65.117	
113.1709987	37.82954364	3705.83	65.132	
113.1709312	37.82966533	3705.795	65.147	
113.170864	37.82978717	3705.774	65.162	
113.1707964	37.82990888	3705.737	65.177	
113.1707292	37.8300309	3705.684	65.192	
113.1706617	37.83015299	3705.643	65.207	
113.1705942	37.83027505	3705.604	65.222	
113.1705265	37.83039729	3705.564	65.237	
113.170459	37.83051962	3705.529	65.252	
113.1703913	37.83064195	3705.477	65.267	
113.1703237	37.83076457	3705.427	65.282	
113.1702559	37.83088727	3705.386	65.297	
113.170188	37.83101012	3705.331	65.312	
113.1701199	37.83113316	3705.285	65.327	
113.1700518	37.83125625	3705.23	65.342	
113.1699836	37.83137948	3705.179	65.357	
113.1699153	37.83150289	3705.132	65.372	
113.1698469	37.83162649	3705.059	65.387	
113.1697786	37.83175025	3705.01	65.402	
113.16971	37.83187422	3704.947	65.417	
113.1696415	37.83199829	3704.891	65.432	
113.1695727	37.83212255	3704.824	65.447	
113.1695039	37.83224678	3704.778	65.462	
113.1694352	37.83237121	3704.733	65.477	
113.1693663	37.83249578	3704.686	65.492	
113.1692974	37.83262048	3704.638	65.507	
113.169228	37.83274525	3704.59	65.522	
113.169159	37.83287029	3704.545	65.537	
113.1690899	37.83299541	3704.477	65.552	
113.1690205	37.83312058	3704.422	65.567	
113.1689512	37.833246	3704.371	65.582	
113.1688818	37.83337136	3704.307	65.597	
113.1688123	37.83349709	3704.258	65.612	
113.1687426	37.83362287	3704.201	65.627	
113.168673	37.83374882	3704.153	65.642	
113.1686033	37.83387513	3704.101	65.657	
113.1685335	37.8340014	3704.052	65.672	
113.1684636	37.83412777	3703.999	65.687	
113.1683936	37.83425424	3703.95	65.702	
113.1683235	37.83438092	3703.904	65.717	
113.1682536	37.83450775	3703.832	65.732	
113.1681836	37.83463477	3703.769	65.747	
113.1681132	37.83476199	3703.717	65.762	
113.1680428	37.8348894	3703.666	65.777	
113.1679725	37.83501688	3703.6	65.792	
113.167902	37.83514442	3703.541	65.807	
113.1678315	37.83527208	3703.496	65.822	
113.1677607	37.83539985	3703.446	65.837	
113.1676898	37.83552772	3703.418	65.852	
113.1676192	37.8356558	3703.36	65.867	
113.1675483	37.83578392	3703.313	65.882	
113.1674773	37.83591222	3703.251	65.897	
113.1674063	37.83604048	3703.205	65.912	
113.1673351	37.83616869	3703.158	65.927	
113.1672642	37.83629707	3703.102	65.942	
113.167193	37.83642535	3703.074	65.957	
113.1671221	37.83655366	3703.052	65.972	
113.1670512	37.83668177	3703.059	65.987	
113.1669806	37.83680968	3703.07	66.002	
113.1669099	37.83693728	3703.126	66.017	
113.1668396	37.8370643	3703.186	66.032	
113.1667699	37.83719098	3703.276	66.047	
113.1667003	37.83731699	3703.362	66.062	
113.1666306	37.8374424	3703.458	66.077	
113.1665616	37.83756718	3703.545	66.092	
113.1664928	37.83769147	3703.645	66.107	
113.1664244	37.83781522	3703.741	66.122	
113.1663564	37.83793825	3703.835	66.137	
113.1662886	37.83806075	3703.945	66.152	
113.1662212	37.83818266	3704.037	66.167	
113.1661541	37.83830401	3704.129	66.182	
113.1660873	37.83842487	3704.219	66.197	
113.1660206	37.83854561	3704.307	66.212	
113.1659537	37.83866605	3704.401	66.227	
113.1658871	37.83878639	3704.49	66.242	
113.1658204	37.83890652	3704.582	66.257	
113.1657539	37.83902663	3704.674	66.272	
113.1656875	37.83914673	3704.787	66.287	
113.1656211	37.83926698	3704.903	66.302	
113.1655545	37.8393873	3705.05	66.317	
113.1654877	37.83950757	3705.165	66.332	
113.1654211	37.83962798	3705.29	66.347	
113.1653546	37.83974832	3705.43	66.362	
113.1652879	37.83986872	3705.601	66.377	
113.1652215	37.83998895	3705.768	66.392	
113.1651552	37.84010902	3705.949	66.407	
113.1650887	37.84022907	3706.112	66.422	
113.1650223	37.84034899	3706.269	66.437	
113.164956	37.84046875	3706.445	66.452	
113.1648899	37.84058843	3706.62	66.467	
113.1648236	37.84070803	3706.803	66.482	
113.1647577	37.84082754	3706.975	66.497	
113.1646916	37.84094681	3707.186	66.512	
113.1646256	37.84106606	3707.359	66.527	
113.1645595	37.84118502	3707.549	66.542	
113.1644936	37.84130389	3707.716	66.557	
113.1644278	37.84142282	3707.91	66.572	
113.1643622	37.84154158	3708.092	66.587	
113.1642967	37.84166033	3708.266	66.602	
113.1642311	37.84177885	3708.447	66.617	
113.1641656	37.8418974	3708.645	66.632	
113.1641	37.84201574	3708.82	66.647	
113.1640347	37.84213398	3709.009	66.662	
113.1639695	37.84225226	3709.188	66.677	
113.1639043	37.8423704	3709.392	66.692	
113.1638391	37.84248824	3709.57	66.707	
113.1637738	37.84260608	3709.759	66.722	
113.1637087	37.84272383	3709.945	66.737	
113.1636436	37.84284147	3710.119	66.752	
113.1635786	37.84295914	3710.294	66.767	
113.1635134	37.84307674	3710.462	66.782	
113.1634485	37.84319425	3710.632	66.797	
113.1633835	37.84331163	3710.808	66.812	
113.1633186	37.84342908	3710.99	66.827	
113.1632535	37.8435464	3711.184	66.842	
113.1631887	37.84366371	3711.355	66.857	
113.1631238	37.84378107	3711.524	66.872	
113.1630589	37.84389823	3711.705	66.887	
113.1629942	37.84401541	3711.874	66.902	
113.1629294	37.84413246	3712.058	66.917	
113.1628647	37.84424956	3712.236	66.932	
113.1628001	37.84436655	3712.406	66.947	
113.1627355	37.84448352	3712.556	66.962	
113.1626706	37.84460041	3712.74	66.977	
113.1626059	37.84471726	3712.917	66.992	
113.1625412	37.84483402	3713.115	67.007	
113.1624766	37.84495083	3713.29	67.022	
113.1624119	37.84506772	3713.462	67.037	
113.1623472	37.84518462	3713.626	67.052	
113.1622826	37.84530143	3713.8	67.067	
113.162218	37.84541827	3713.972	67.082	
113.1621532	37.845535	3714.126	67.097	
113.162089	37.84565189	3714.302	67.112	
113.1620245	37.84576875	3714.459	67.127	
113.1619598	37.84588545	3714.641	67.142	
113.1618951	37.8460021	3714.805	67.157	
113.1618302	37.84611876	3714.987	67.172	
113.1617658	37.84623558	3715.167	67.187	
113.1617014	37.84635226	3715.348	67.202	
113.1616369	37.8464689	3715.514	67.217	
113.1615725	37.84658553	3715.707	67.232	
113.161508	37.84670217	3715.888	67.247	
113.1614435	37.84681884	3716.06	67.262	
113.161379	37.84693535	3716.24	67.277	
113.1613146	37.84705194	3716.415	67.292	
113.1612499	37.84716849	3716.599	67.307	
113.1611854	37.84728508	3716.769	67.322	
113.161121	37.84740172	3716.92	67.337	
113.1610567	37.84751845	3717.106	67.352	
113.1609921	37.84763501	3717.284	67.367	
113.1609275	37.84775162	3717.444	67.382	
113.1608629	37.84786819	3717.616	67.397	
113.1607984	37.84798474	3717.79	67.412	
113.1607338	37.8481012	3717.993	67.427	
113.1606693	37.84821782	3718.171	67.442	
113.1606048	37.84833457	3718.334	67.457	
113.1605403	37.84845117	3718.501	67.472	
113.1604755	37.84856777	3718.693	67.487	
113.1604109	37.84868441	3718.865	67.502	
113.1603463	37.84880106	3719.048	67.517	
113.1602819	37.84891765	3719.23	67.532	
113.1602172	37.84903422	3719.405	67.547	
113.1601525	37.84915078	3719.606	67.562	
113.1600878	37.84926735	3719.784	67.577	
113.1600235	37.84938394	3719.955	67.592	
113.159959	37.8495005	3720.13	67.607	
113.1598943	37.84961704	3720.315	67.622	
113.1598297	37.84973356	3720.501	67.637	
113.1597651	37.84985003	3720.662	67.652	
113.1597005	37.8499666	3720.844	67.667	
113.1596363	37.85008321	3721.034	67.682	
113.1595716	37.85019967	3721.208	67.697	
113.1595072	37.85031636	3721.377	67.712	
113.1594428	37.85043301	3721.545	67.727	
113.1593782	37.85054972	3721.727	67.742	
113.1593135	37.85066639	3721.895	67.757	
113.1592488	37.8507831	3722.089	67.772	
113.1591843	37.85089994	3722.263	67.787	
113.1591199	37.85101665	3722.436	67.802	
113.1590553	37.85113341	3722.646	67.817	
113.1589905	37.85125007	3722.833	67.832	
113.158926	37.85136695	3723.016	67.847	
113.1588613	37.8514837	3723.19	67.862	
113.1587965	37.85160045	3723.367	67.877	
113.1587317	37.85171736	3723.527	67.892	
113.158667	37.85183432	3723.72	67.907	
113.1586023	37.85195121	3723.898	67.922	
113.1585374	37.85206804	3724.075	67.937	
113.1584728	37.85218498	3724.266	67.952	
113.1584082	37.85230197	3724.449	67.967	
113.1583433	37.85241901	3724.629	67.982	
113.1582785	37.85253609	3724.798	67.997	
113.1582135	37.85265329	3724.968	68.012	
113.1581486	37.85277038	3725.117	68.027	
113.1580837	37.85288761	3725.306	68.042	
113.1580185	37.85300485	3725.493	68.057	
113.1579533	37.85312186	3725.672	68.072	
113.1578886	37.8532391	3725.869	68.087	
113.1578236	37.85335628	3726.054	68.102	
113.1577586	37.85347342	3726.229	68.117	
113.1576935	37.85359068	3726.409	68.132	
113.1576286	37.85370789	3726.587	68.147	
113.1575637	37.85382514	3726.768	68.162	
113.1574986	37.85394244	3726.958	68.177	
113.1574335	37.85405972	3727.136	68.192	
113.1573683	37.85417699	3727.313	68.207	
113.1573033	37.85429434	3727.509	68.222	
113.1572385	37.85441185	3727.684	68.237	
113.1571731	37.8545293	3727.853	68.252	
113.157108	37.85464692	3728.021	68.267	
113.1570427	37.8547647	3728.188	68.282	
113.1569772	37.85488243	3728.336	68.297	
113.1569121	37.85500054	3728.498	68.312	
113.1568468	37.85511881	3728.667	68.327	
113.156781	37.85523733	3728.803	68.342	
113.1567149	37.8553564	3728.871	68.357	
113.1566487	37.85547615	3728.924	68.372	
113.1565823	37.85559632	3728.972	68.387	
113.1565153	37.85571714	3729.02	68.402	
113.1564482	37.85583864	3729.058	68.417	
113.1563811	37.85596048	3729.107	68.432	
113.1563137	37.85608284	3729.172	68.447	
113.156246	37.8562055	3729.234	68.462	
113.156178	37.85632851	3729.315	68.477	
113.1561099	37.85645187	3729.362	68.492	
113.1560417	37.85657539	3729.418	68.507	
113.1559734	37.85669905	3729.472	68.522	
113.1559047	37.85682277	3729.522	68.537	
113.1558363	37.85694659	3729.559	68.552	
113.1557676	37.85707047	3729.599	68.567	
113.155699	37.85719444	3729.628	68.582	
113.1556305	37.85731844	3729.651	68.597	
113.1555617	37.85744237	3729.661	68.612	
113.1554934	37.85756651	3729.701	68.627	
113.1554247	37.85769026	3729.738	68.642	
113.1553562	37.85781376	3729.781	68.657	
113.155288	37.85793704	3729.806	68.672	
113.1552199	37.8580602	3729.83	68.687	
113.1551518	37.85818325	3729.837	68.702	
113.1550837	37.85830628	3729.809	68.717	
113.1550156	37.85842935	3729.776	68.732	
113.1549473	37.85855243	3729.717	68.747	
113.1548791	37.85867573	3729.679	68.762	
113.1548109	37.85879911	3729.633	68.777	
113.1547425	37.85892258	3729.597	68.792	
113.1546742	37.85904619	3729.549	68.807	
113.1546059	37.85916992	3729.497	68.822	
113.1545374	37.85929386	3729.444	68.837	
113.1544688	37.85941784	3729.374	68.852	
113.1544001	37.85954197	3729.315	68.867	
113.1543311	37.85966631	3729.256	68.882	
113.1542623	37.85979065	3729.224	68.897	
113.1541933	37.85991505	3729.172	68.912	
113.1541244	37.86003958	3729.129	68.927	
113.1540554	37.86016424	3729.09	68.942	
113.1539864	37.86028891	3729.04	68.957	
113.1539171	37.86041369	3728.999	68.972	
113.153848	37.86053869	3728.947	68.987	
113.1537789	37.86066369	3728.899	69.002	
113.1537097	37.86078883	3728.85	69.017	
113.1536404	37.86091394	3728.813	69.032	
113.153571	37.86103914	3728.772	69.047	
113.1535018	37.86116409	3728.749	69.062	
113.1534326	37.86128891	3728.777	69.077	
113.1533637	37.86141343	3728.801	69.092	
113.1532951	37.86153753	3728.852	69.107	
113.1532268	37.86166115	3728.936	69.122	
113.1531585	37.86178414	3729.028	69.137	
113.1530908	37.86190633	3729.149	69.152	
113.1530234	37.86202798	3729.265	69.167	
113.1529564	37.86214891	3729.396	69.182	
113.1528898	37.86226905	3729.518	69.197	
113.1528238	37.86238837	3729.629	69.212	
113.1527583	37.86250699	3729.751	69.227	
113.152693	37.8626249	3729.864	69.242	
113.1526281	37.862742	3729.977	69.257	
113.1525635	37.86285851	3730.096	69.272	
113.1524996	37.86297415	3730.21	69.287	
113.1524361	37.86308902	3730.327	69.302	
113.152373	37.8632031	3730.448	69.317	
113.15231	37.8633164	3730.563	69.332	
113.1522477	37.86342901	3730.694	69.347	
113.1521858	37.86354089	3730.802	69.362	
113.1521243	37.86365213	3730.912	69.377	
113.1520631	37.86376248	3731.025	69.392	
113.1520024	37.86387206	3731.131	69.407	
113.1519422	37.86398093	3731.268	69.422	
113.1518824	37.86408901	3731.392	69.437	
113.151823	37.8641963	3731.514	69.452	
113.1517638	37.8643028	3731.628	69.467	
113.1517054	37.86440868	3731.735	69.482	
113.1516471	37.86451369	3731.857	69.497	
113.1515895	37.86461792	3731.975	69.512	
113.1515322	37.86472137	3732.083	69.527	
113.1514753	37.86482409	3732.197	69.542	
113.1514189	37.86492621	3732.31	69.557	
113.1513628	37.86502754	3732.418	69.572	
113.1513071	37.86512822	3732.512	69.587	
113.1512518	37.86522818	3732.586	69.602	
113.1511965	37.86532773	3732.656	69.617	
113.1511417	37.86542691	3732.729	69.632	
113.151087	37.86552563	3732.788	69.647	
113.1510326	37.86562401	3732.818	69.662	
113.1509781	37.86572243	3732.85	69.677	
113.1509237	37.86582039	3732.866	69.692	
113.1508695	37.86591834	3732.872	69.707	
113.1508153	37.86601615	3732.875	69.722	
113.1507614	37.86611387	3732.867	69.737	
113.1507073	37.86621136	3732.872	69.752	
113.1506532	37.86630881	3732.864	69.767	
113.1505993	37.86640616	3732.866	69.782	
113.1505453	37.86650341	3732.865	69.797	
113.1504916	37.86660059	3732.878	69.812	
113.1504378	37.86669756	3732.882	69.827	
113.1503841	37.86679452	3732.887	69.842	
113.1503306	37.86689127	3732.88	69.857	
113.1502771	37.86698794	3732.86	69.872	
113.1502237	37.86708441	3732.86	69.887	
113.1501704	37.86718085	3732.88	69.902	
113.1501172	37.86727712	3732.886	69.917	
113.1500639	37.86737325	3732.896	69.932	
113.1500107	37.86746924	3732.93	69.947	
113.1499574	37.86756508	3732.936	69.962	
113.1499043	37.86766083	3732.944	69.977	
113.1498514	37.86775656	3732.941	69.992	
113.1497983	37.86785212	3732.928	70.007	
113.1497455	37.86794776	3732.906	70.022	
113.1496925	37.86804323	3732.914	70.037	
113.1496397	37.86813879	3732.902	70.052	
113.1495866	37.86823457	3732.895	70.067	
113.1495334	37.86833071	3732.841	70.082	
113.14948	37.86842709	3732.79	70.097	
113.1494263	37.86852399	3732.716	70.112	
113.1493722	37.86862149	3732.618	70.127	
113.1493177	37.86871972	3732.507	70.142	
113.149263	37.86881864	3732.383	70.157	
113.1492077	37.86891832	3732.255	70.172	
113.149152	37.86901875	3732.095	70.187	
113.1490961	37.86912009	3731.932	70.202	
113.1490394	37.86922213	3731.785	70.217	
113.1489825	37.86932496	3731.636	70.232	
113.1489252	37.86942869	3731.485	70.247	
113.1488672	37.86953312	3731.342	70.262	
113.1488091	37.86963832	3731.185	70.277	
113.1487503	37.86974435	3731.034	70.292	
113.1486911	37.86985118	3730.879	70.307	
113.1486314	37.86995869	3730.707	70.322	
113.1485715	37.87006705	3730.554	70.337	
113.1485111	37.87017623	3730.407	70.352	
113.1484503	37.87028623	3730.238	70.367	
113.1483889	37.87039698	3730.073	70.382	
113.1483269	37.87050861	3729.917	70.397	
113.1482646	37.87062101	3729.737	70.412	
113.148202	37.87073435	3729.577	70.427	
113.1481388	37.87084839	3729.407	70.442	
113.1480752	37.87096337	3729.226	70.457	
113.1480109	37.871079	3729.059	70.472	
113.1479462	37.87119547	3728.879	70.487	
113.1478813	37.8713129	3728.698	70.502	
113.1478158	37.87143113	3728.519	70.517	
113.1477501	37.87155	3728.327	70.532	
113.1476835	37.87166971	3728.148	70.547	
113.1476165	37.87179013	3727.971	70.562	
113.1475493	37.87191164	3727.783	70.577	
113.1474818	37.87203393	3727.607	70.592	
113.1474136	37.87215691	3727.412	70.607	
113.1473447	37.87228071	3727.221	70.622	
113.1472757	37.87240529	3727.043	70.637	
113.1472063	37.87253081	3726.861	70.652	
113.1471364	37.87265692	3726.664	70.667	
113.1470659	37.87278394	3726.474	70.682	
113.146995	37.87291184	3726.277	70.697	
113.1469238	37.87304068	3726.071	70.712	
113.1468517	37.87317044	3725.863	70.727	
113.1467792	37.87330086	3725.633	70.742	
113.1467064	37.87343206	3725.412	70.757	
113.1466333	37.87356354	3725.191	70.772	
113.1465608	37.87369471	3725	70.787	
113.1464886	37.87382511	3724.819	70.802	
113.1464167	37.87395508	3724.681	70.817	
113.1463451	37.87408504	3724.548	70.832	
113.1462734	37.87421465	3724.369	70.847	
113.1462015	37.87434388	3724.157	70.862	
113.1461302	37.87447284	3723.96	70.877	
113.1460589	37.87460144	3723.766	70.892	
113.1459877	37.87472977	3723.588	70.907	
113.1459166	37.87485788	3723.404	70.922	
113.1458458	37.87498569	3723.213	70.937	
113.145775	37.8751134	3723.02	70.952	
113.1457041	37.87524086	3722.806	70.967	
113.1456332	37.87536811	3722.563	70.982	
113.1455624	37.87549509	3722.343	70.997	
113.1454919	37.87562197	3722.143	71.012	
113.1454219	37.87574868	3721.959	71.027	
113.1453522	37.87587521	3721.761	71.042	
113.1452822	37.87600133	3721.551	71.057	
113.1452124	37.87612731	3721.356	71.072	
113.1451426	37.87625303	3721.151	71.087	
113.1450731	37.87637849	3720.935	71.102	
113.1450037	37.87650358	3720.731	71.117	
113.1449348	37.87662823	3720.546	71.132	
113.1448659	37.87675249	3720.385	71.147	
113.1447974	37.8768763	3720.236	71.162	
113.1447291	37.87699926	3720.11	71.177	
113.144661	37.87712166	3720.014	71.192	
113.1445932	37.87724304	3719.908	71.207	
113.1445264	37.87736357	3719.835	71.222	
113.1444602	37.8774835	3719.782	71.237	
113.1443943	37.87760237	3719.712	71.252	
113.1443287	37.87772004	3719.635	71.267	
113.1442638	37.87783687	3719.565	71.282	
113.144199	37.87795352	3719.54	71.297	
113.1441343	37.87807004	3719.525	71.312	
113.1440696	37.87818661	3719.501	71.327	
113.144005	37.87830307	3719.5	71.342	
113.1439404	37.8784195	3719.492	71.357	
113.1438757	37.87853596	3719.472	71.372	
113.1438112	37.87865244	3719.432	71.387	
113.1437465	37.87876924	3719.399	71.402	
113.1436821	37.87888595	3719.363	71.417	
113.1436174	37.87900242	3719.338	71.432	
113.1435527	37.87911873	3719.364	71.447	
113.1434884	37.87923491	3719.386	71.462	
113.1434244	37.87935098	3719.426	71.477	
113.1433606	37.87946686	3719.461	71.492	
113.1432968	37.87958237	3719.479	71.507	
113.143233	37.87969757	3719.491	71.522	
113.1431693	37.87981236	3719.521	71.537	
113.1431058	37.87992687	3719.568	71.552	
113.1430425	37.88004109	3719.65	71.567	
113.1429795	37.88015485	3719.766	71.582	
113.1429168	37.88026841	3719.882	71.597	
113.1428543	37.8803817	3720.018	71.612	
113.1427919	37.88049457	3720.162	71.627	
113.1427296	37.8806074	3720.308	71.642	
113.1426673	37.88071997	3720.436	71.657	
113.1426051	37.88083242	3720.571	71.672	
113.1425427	37.88094496	3720.706	71.687	
113.1424805	37.88105744	3720.833	71.702	
113.1424183	37.88116997	3721.012	71.717	
113.1423561	37.88128254	3721.142	71.732	
113.1422937	37.88139519	3721.295	71.747	
113.1422312	37.88150791	3721.437	71.762	
113.1421689	37.88162061	3721.57	71.777	
113.1421062	37.88173332	3721.673	71.792	
113.1420438	37.88184622	3721.818	71.807	
113.1419812	37.88195937	3721.951	71.822	
113.1419186	37.88207257	3722.079	71.837	
113.1418557	37.88218595	3722.225	71.852	
113.1417928	37.88229938	3722.353	71.867	
113.1417298	37.88241291	3722.492	71.882	
113.141667	37.88252678	3722.63	71.897	
113.1416038	37.88264053	3722.758	71.912	
113.1415407	37.8827544	3722.896	71.927	
113.1414775	37.88286844	3723.051	71.942	
113.1414142	37.8829826	3723.195	71.957	
113.1413508	37.88309719	3723.346	71.972	
113.1412872	37.88321194	3723.486	71.987	
113.1412234	37.88332706	3723.637	72.002	
113.1411595	37.88344239	3723.772	72.017	
113.1410953	37.88355788	3723.906	72.032	
113.1410312	37.88367385	3724.056	72.047	
113.1409668	37.88379011	3724.182	72.062	
113.1409024	37.88390674	3724.318	72.077	
113.1408374	37.88402363	3724.451	72.092	
113.1407724	37.88414071	3724.605	72.107	
113.1407073	37.88425832	3724.744	72.122	
113.1406418	37.88437625	3724.896	72.137	
113.1405761	37.88449436	3725.023	72.152	
113.1405101	37.88461264	3725.151	72.167	
113.1404444	37.88473117	3725.292	72.182	
113.1403786	37.88484999	3725.449	72.197	
113.1403131	37.88496918	3725.628	72.212	
113.140247	37.88508834	3725.8	72.227	
113.1401808	37.88520776	3725.988	72.242	
113.1401145	37.88532722	3726.172	72.257	
113.1400483	37.88544682	3726.325	72.272	
113.1399818	37.88556667	3726.515	72.287	
113.1399153	37.8856866	3726.685	72.302	
113.1398487	37.8858066	3726.865	72.317	
113.1397822	37.88592684	3727.056	72.332	
113.1397154	37.88604701	3727.244	72.347	
113.1396487	37.88616726	3727.445	72.362	
113.1395821	37.88628755	3727.647	72.377	
113.1395154	37.88640787	3727.857	72.392	
113.1394488	37.88652825	3728.059	72.407	
113.139382	37.88664859	3728.27	72.422	
113.1393152	37.88676904	3728.441	72.437	
113.1392486	37.88688963	3728.626	72.452	
113.1391815	37.88701026	3728.821	72.467	
113.1391147	37.88713102	3729.003	72.482	
113.1390478	37.88725186	3729.191	72.497	
113.1389806	37.88737302	3729.368	72.512	
113.1389134	37.88749428	3729.553	72.527	
113.1388461	37.88761569	3729.738	72.542	
113.1387787	37.88773713	3729.933	72.557	
113.1387111	37.88785882	3730.144	72.572	
113.1386437	37.88798058	3730.342	72.587	
113.1385762	37.88810256	3730.535	72.602	
113.1385085	37.88822459	3730.712	72.617	
113.1384408	37.88834683	3730.885	72.632	
113.1383727	37.88846916	3731.07	72.647	
113.1383048	37.88859172	3731.255	72.662	
113.1382367	37.88871437	3731.418	72.677	
113.1381688	37.88883741	3731.597	72.692	
113.1381006	37.88896058	3731.768	72.707	
113.138032	37.88908377	3731.946	72.722	
113.1379636	37.88920725	3732.133	72.737	
113.1378951	37.88933084	3732.328	72.752	
113.1378263	37.88945473	3732.505	72.767	
113.1377576	37.88957848	3732.681	72.782	
113.1376888	37.88970246	3732.872	72.797	
113.1376201	37.88982678	3733.073	72.812	
113.1375513	37.88995102	3733.251	72.827	
113.1374823	37.89007527	3733.458	72.842	
113.1374133	37.89019968	3733.649	72.857	
113.137344	37.89032415	3733.861	72.872	
113.1372752	37.89044885	3734.066	72.887	
113.1372062	37.89057361	3734.255	72.902	
113.1371368	37.89069846	3734.448	72.917	
113.1370674	37.89082344	3734.633	72.932	
113.1369981	37.89094864	3734.835	72.947	
113.1369285	37.89107415	3735.005	72.962	
113.136859	37.89119962	3735.189	72.977	
113.1367892	37.89132525	3735.38	72.992	
113.1367196	37.89145094	3735.56	73.007	
113.13665	37.89157651	3735.729	73.022	
113.1365804	37.89170201	3735.935	73.037	
113.1365107	37.89182757	3736.136	73.052	
113.1364413	37.89195305	3736.333	73.067	
113.1363716	37.89207855	3736.523	73.082	
113.1363021	37.89220404	3736.721	73.097	
113.1362328	37.89232963	3736.893	73.112	
113.1361632	37.89245492	3737.085	73.127	
113.1360935	37.89258032	3737.276	73.142	
113.1360241	37.89270575	3737.451	73.157	
113.1359549	37.89283105	3737.639	73.172	
113.1358853	37.89295638	3737.834	73.187	
113.1358157	37.89308163	3738.026	73.202	
113.1357464	37.89320677	3738.219	73.217	
113.1356773	37.89333201	3738.416	73.232	
113.1356081	37.89345712	3738.593	73.247	
113.1355385	37.89358203	3738.791	73.262	
113.1354692	37.89370717	3738.973	73.277	
113.1354001	37.89383211	3739.17	73.292	
113.1353308	37.89395699	3739.37	73.307	
113.1352615	37.89408178	3739.557	73.322	
113.1351923	37.89420658	3739.759	73.337	
113.1351232	37.89433114	3739.953	73.352	
113.1350543	37.89445547	3740.154	73.367	
113.1349856	37.89457968	3740.35	73.382	
113.1349169	37.89470384	3740.537	73.397	
113.1348481	37.89482769	3740.731	73.412	
113.1347795	37.89495135	3740.927	73.427	
113.134711	37.89507486	3741.101	73.442	
113.1346427	37.89519821	3741.282	73.457	
113.1345745	37.89532124	3741.473	73.472	
113.1345062	37.89544411	3741.671	73.487	
113.1344382	37.89556682	3741.849	73.502	
113.1343703	37.89568926	3742.04	73.517	
113.1343026	37.89581147	3742.238	73.532	
113.134235	37.89593335	3742.404	73.547	
113.1341674	37.89605509	3742.579	73.562	
113.1341001	37.89617666	3742.761	73.577	
113.1340329	37.89629794	3742.948	73.592	
113.1339658	37.89641903	3743.136	73.607	
113.1338987	37.89653977	3743.327	73.622	
113.1338319	37.89666024	3743.51	73.637	
113.1337652	37.89678061	3743.695	73.652	
113.1336988	37.89690078	3743.879	73.667	
113.1336322	37.89702064	3744.05	73.682	
113.1335659	37.89714054	3744.209	73.697	
113.1334996	37.89726015	3744.376	73.712	
113.1334332	37.89737972	3744.561	73.727	
113.133367	37.89749912	3744.738	73.742	
113.1333009	37.89761854	3744.895	73.757	
113.1332348	37.89773789	3745.033	73.772	
113.1331686	37.8978574	3745.151	73.787	
113.1331023	37.89797708	3745.248	73.802	
113.1330361	37.8980967	3745.348	73.817	
113.1329698	37.8982165	3745.464	73.832	
113.1329035	37.89833648	3745.587	73.847	
113.1328368	37.89845638	3745.687	73.862	
113.1327701	37.8985765	3745.795	73.877	
113.1327034	37.89869691	3745.912	73.892	
113.1326366	37.89881739	3746.019	73.907	
113.1325699	37.89893809	3746.123	73.922	
113.1325029	37.89905884	3746.228	73.937	
113.1324357	37.89917986	3746.332	73.952	
113.1323686	37.89930099	3746.443	73.967	
113.1323014	37.89942228	3746.549	73.982	
113.1322339	37.89954378	3746.687	73.997	
113.1321665	37.8996654	3746.794	74.012	
113.1320989	37.89978719	3746.895	74.027	
113.1320313	37.89990914	3746.995	74.042	
113.1319636	37.90003127	3747.094	74.057	
113.1318959	37.90015355	3747.212	74.072	
113.1318279	37.90027585	3747.31	74.087	
113.1317601	37.90039839	3747.422	74.102	
113.1316921	37.90052112	3747.532	74.117	
113.1316241	37.90064392	3747.632	74.132	
113.131556	37.90076681	3747.735	74.147	
113.1314878	37.9008899	3747.839	74.162	
113.1314195	37.90101292	3747.956	74.177	
113.1313514	37.90113606	3748.069	74.192	
113.1312833	37.90125886	3748.185	74.207	
113.1312153	37.9013815	3748.292	74.222	
113.1311474	37.90150394	3748.399	74.237	
113.1310797	37.90162605	3748.506	74.252	
113.131012	37.90174765	3748.612	74.267	
113.1309446	37.90186904	3748.722	74.282	
113.1308773	37.90199009	3748.82	74.297	
113.1308104	37.9021108	3748.915	74.312	
113.1307436	37.90223117	3749.02	74.327	
113.1306768	37.9023513	3749.118	74.342	
113.1306104	37.90247095	3749.199	74.357	
113.1305443	37.90259041	3749.264	74.372	
113.1304783	37.90270952	3749.307	74.387	
113.1304123	37.90282809	3749.331	74.402	
113.1303465	37.90294659	3749.349	74.417	
113.1302807	37.90306493	3749.36	74.432	
113.1302152	37.90318318	3749.362	74.447	
113.1301498	37.90330125	3749.37	74.462	
113.1300843	37.90341917	3749.377	74.477	
113.130019	37.903537	3749.38	74.492	
113.1299537	37.90365464	3749.389	74.507	
113.1298885	37.90377229	3749.387	74.522	
113.1298233	37.9038898	3749.377	74.537	
113.1297583	37.90400721	3749.38	74.552	
113.1296932	37.9041246	3749.379	74.567	
113.1296283	37.90424176	3749.363	74.582	
113.1295634	37.90435883	3749.376	74.597	
113.1294983	37.9044757	3749.367	74.612	
113.1294335	37.90459257	3749.353	74.627	
113.1293689	37.90470938	3749.356	74.642	
113.1293043	37.9048261	3749.356	74.657	
113.1292394	37.90494262	3749.354	74.672	
113.1291747	37.90505902	3749.358	74.687	
113.1291102	37.90517526	3749.349	74.702	
113.1290456	37.90529157	3749.364	74.717	
113.1289813	37.90540779	3749.352	74.732	
113.1289167	37.90552388	3749.349	74.747	
113.1288526	37.90563983	3749.332	74.762	
113.1287883	37.90575571	3749.317	74.777	
113.128724	37.90587161	3749.313	74.792	
113.1286599	37.90598735	3749.291	74.807	
113.1285958	37.90610315	3749.285	74.822	
113.1285317	37.90621889	3749.267	74.837	
113.1284675	37.90633457	3749.241	74.852	
113.1284032	37.90645041	3749.219	74.867	
113.1283386	37.90656661	3749.164	74.882	
113.128274	37.90668309	3749.095	74.897	
113.1282091	37.90680012	3748.985	74.912	
113.1281439	37.90691775	3748.854	74.927	
113.1280783	37.90703595	3748.692	74.942	
113.1280122	37.90715489	3748.534	74.957	
113.1279457	37.9072745	3748.365	74.972	
113.1278789	37.90739488	3748.201	74.987	
113.1278116	37.90751596	3748.033	75.002	
113.1277439	37.9076378	3747.862	75.017	
113.1276758	37.90776051	3747.702	75.032	
113.1276074	37.90788406	3747.52	75.047	
113.1275384	37.90800837	3747.339	75.062	
113.1274691	37.90813344	3747.154	75.077	
113.1273991	37.90825943	3746.955	75.092	
113.1273288	37.9083861	3746.761	75.107	
113.1272581	37.90851369	3746.563	75.122	
113.1271869	37.90864195	3746.374	75.137	
113.1271154	37.90877118	3746.2	75.152	
113.1270433	37.90890105	3746.028	75.167	
113.1269709	37.90903157	3745.835	75.182	
113.1268982	37.90916278	3745.659	75.197	
113.1268253	37.90929428	3745.477	75.212	
113.1267524	37.9094257	3745.292	75.227	
113.1266799	37.90955656	3745.102	75.242	
113.1266077	37.90968682	3744.911	75.257	
113.1265356	37.90981682	3744.705	75.272	
113.1264634	37.90994655	3744.502	75.287	
113.1263916	37.91007599	3744.302	75.302	
113.1263199	37.91020506	3744.111	75.317	
113.1262485	37.91033376	3743.936	75.332	
113.1261774	37.910462	3743.736	75.347	
113.1261062	37.91058978	3743.554	75.362	
113.1260353	37.91071747	3743.361	75.377	
113.1259645	37.91084528	3743.206	75.392	
113.1258934	37.91097365	3743.069	75.407	
113.1258218	37.91110223	3742.957	75.422	
113.1257502	37.91123119	3742.881	75.437	
113.1256786	37.91136039	3742.811	75.452	
113.125607	37.9114896	3742.777	75.467	
113.1255355	37.91161884	3742.742	75.482	
113.1254639	37.91174806	3742.706	75.497	
113.1253922	37.91187716	3742.699	75.512	
113.1253205	37.91200602	3742.695	75.527	
113.1252491	37.91213482	3742.685	75.542	
113.1251778	37.91226349	3742.698	75.557	
113.1251065	37.91239208	3742.704	75.572	
113.1250352	37.91252036	3742.714	75.587	
113.124964	37.9126486	3742.729	75.602	
113.1248929	37.91277668	3742.735	75.617	
113.1248219	37.91290485	3742.746	75.632	
113.124751	37.91303286	3742.741	75.647	
113.1246799	37.91316076	3742.736	75.662	
113.1246088	37.91328868	3742.729	75.677	
113.1245379	37.91341652	3742.708	75.692	
113.1244671	37.91354428	3742.7	75.707	
113.1243964	37.91367205	3742.676	75.722	
113.1243255	37.91379971	3742.654	75.737	
113.1242548	37.91392742	3742.638	75.752	
113.1241836	37.91405513	3742.595	75.767	
113.1241127	37.91418291	3742.559	75.782	
113.1240418	37.91431055	3742.533	75.797	
113.1239712	37.91443812	3742.526	75.812	
113.1239004	37.91456575	3742.539	75.827	
113.1238297	37.91469306	3742.557	75.842	
113.1237588	37.91482013	3742.564	75.857	
113.1236885	37.91494715	3742.554	75.872	
113.1236182	37.91507384	3742.561	75.887	
113.1235482	37.91520047	3742.61	75.902	
113.1234785	37.91532698	3742.634	75.917	
113.1234086	37.91545306	3742.644	75.932	
113.1233387	37.91557885	3742.68	75.947	
113.123269	37.91570445	3742.698	75.962	
113.1231993	37.91582991	3742.71	75.977	
113.12313	37.91595529	3742.723	75.992	
113.1230608	37.91608055	3742.728	76.007	
113.1229914	37.91620551	3742.727	76.022	
113.1229221	37.9163304	3742.715	76.037	
113.1228526	37.91645515	3742.716	76.052	
113.1227832	37.91657989	3742.696	76.067	
113.1227142	37.91670458	3742.71	76.082	
113.1226451	37.91682901	3742.691	76.097	
113.122576	37.91695344	3742.694	76.112	
113.1225069	37.91707763	3742.694	76.127	
113.1224379	37.91720167	3742.698	76.142	
113.122369	37.91732582	3742.698	76.157	
113.1223003	37.91744967	3742.697	76.172	
113.1222314	37.91757326	3742.695	76.187	
113.1221628	37.91769683	3742.694	76.202	
113.1220943	37.9178205	3742.723	76.217	
113.1220257	37.91794392	3742.711	76.232	
113.1219573	37.91806726	3742.691	76.247	
113.1218889	37.91819053	3742.694	76.262	
113.1218205	37.91831371	3742.696	76.277	
113.1217521	37.91843666	3742.679	76.292	
113.1216839	37.91855948	3742.689	76.307	
113.1216159	37.91868213	3742.693	76.322	
113.1215483	37.9188049	3742.713	76.337	
113.1214803	37.91892712	3742.757	76.352	
113.1214124	37.91904941	3742.768	76.367	
113.1213445	37.91917146	3742.761	76.382	
113.1212769	37.91929354	3742.764	76.397	
113.1212095	37.9194155	3742.783	76.412	
113.121142	37.91953733	3742.784	76.427	
113.1210744	37.9196589	3742.788	76.442	
113.121007	37.91978033	3742.788	76.457	
113.1209394	37.91990161	3742.804	76.472	
113.1208721	37.92002278	3742.818	76.487	
113.1208051	37.92014386	3742.824	76.502	
113.120738	37.9202648	3742.835	76.517	
113.1206708	37.92038555	3742.846	76.532	
113.120604	37.92050622	3742.832	76.547	
113.1205373	37.92062671	3742.836	76.562	
113.1204704	37.92074699	3742.845	76.577	
113.1204038	37.92086729	3742.843	76.592	
113.1203371	37.9209874	3742.82	76.607	
113.1202705	37.9211074	3742.832	76.622	
113.1202036	37.92122722	3742.828	76.637	
113.1201373	37.92134704	3742.815	76.652	
113.1200709	37.92146673	3742.804	76.667	
113.1200045	37.92158621	3742.787	76.682	
113.1199382	37.92170546	3742.793	76.697	
113.1198718	37.9218247	3742.796	76.712	
113.1198057	37.92194385	3742.801	76.727	
113.1197396	37.92206303	3742.804	76.742	
113.1196734	37.92218201	3742.809	76.757	
113.1196075	37.92230105	3742.805	76.772	
113.1195415	37.92241984	3742.802	76.787	
113.1194756	37.92253831	3742.796	76.802	
113.11941	37.92265665	3742.789	76.817	
113.1193443	37.92277487	3742.814	76.832	
113.1192791	37.92289286	3742.828	76.847	
113.1192138	37.92301045	3742.854	76.862	
113.1191485	37.9231278	3742.898	76.877	
113.1190835	37.92324443	3742.963	76.892	
113.1190192	37.92336054	3743.052	76.907	
113.118955	37.9234762	3743.146	76.922	
113.1188912	37.92359115	3743.246	76.937	
113.1188276	37.92370537	3743.34	76.952	
113.1187646	37.92381897	3743.437	76.967	
113.1187017	37.9239319	3743.539	76.982	
113.1186395	37.92404408	3743.636	76.997	
113.1185778	37.9241555	3743.743	77.012	
113.1185163	37.92426621	3743.853	77.027	
113.1184554	37.92437608	3743.96	77.042	
113.1183949	37.9244852	3744.086	77.057	
113.1183346	37.92459361	3744.21	77.072	
113.1182748	37.92470107	3744.318	77.087	
113.1182154	37.92480788	3744.428	77.102	
113.1181566	37.92491401	3744.532	77.117	
113.1180984	37.92501931	3744.647	77.132	
113.11804	37.92512392	3744.745	77.147	
113.1179825	37.92522785	3744.847	77.162	
113.1179249	37.92533099	3744.947	77.177	
113.117868	37.92543341	3745.046	77.192	
113.1178115	37.92553496	3745.138	77.207	
113.1177552	37.92563603	3745.24	77.222	
113.1176995	37.92573648	3745.337	77.237	
113.1176442	37.92583616	3745.438	77.252	
113.1175892	37.9259352	3745.546	77.267	
113.1175345	37.92603342	3745.636	77.282	
113.1174803	37.92613096	3745.73	77.297	
113.1174265	37.92622787	3745.831	77.312	
113.117373	37.92632412	3745.916	77.327	
113.11732	37.92641971	3746.003	77.342	
113.1172672	37.92651464	3746.091	77.357	
113.117215	37.92660896	3746.172	77.372	
113.117163	37.92670254	3746.255	77.387	
113.1171113	37.92679541	3746.347	77.402	
113.1170599	37.92688782	3746.413	77.417	
113.1170088	37.92697971	3746.486	77.432	
113.1169579	37.92707141	3746.538	77.447	
113.1169072	37.92716277	3746.57	77.462	
113.1168566	37.92725385	3746.597	77.477	
113.1168061	37.92734481	3746.605	77.492	
113.1167557	37.92743572	3746.599	77.507	
113.1167052	37.92752651	3746.59	77.522	
113.1166547	37.92761733	3746.578	77.537	
113.1166043	37.92770812	3746.558	77.552	
113.1165541	37.92779903	3746.543	77.567	
113.1165038	37.92788997	3746.529	77.582	
113.1164534	37.92798114	3746.505	77.597	
113.1164026	37.928072	3746.488	77.612	
113.1163521	37.92816325	3746.476	77.627	
113.1163014	37.92825445	3746.446	77.642	
113.1162507	37.92834568	3746.413	77.657	
113.1162001	37.92843699	3746.386	77.672	
113.1161493	37.92852835	3746.364	77.687	
113.1160986	37.92861983	3746.347	77.702	
113.1160476	37.92871132	3746.325	77.717	
113.115997	37.92880289	3746.303	77.732	
113.1159462	37.92889446	3746.28	77.747	
113.1158953	37.92898612	3746.255	77.762	
113.1158445	37.92907781	3746.231	77.777	
113.1157935	37.92916956	3746.209	77.792	
113.1157424	37.92926149	3746.198	77.807	
113.1156915	37.92935328	3746.18	77.822	
113.1156404	37.92944518	3746.157	77.837	
113.1155893	37.92953711	3746.112	77.852	
113.1155382	37.92962921	3746.076	77.867	
113.1154868	37.92972125	3746.064	77.882	
113.1154359	37.92981361	3746.043	77.897	
113.1153844	37.9299059	3746.016	77.912	
113.1153333	37.92999839	3745.994	77.927	
113.115282	37.93009107	3745.968	77.942	
113.1152303	37.93018375	3745.926	77.957	
113.1151787	37.93027678	3745.89	77.972	
113.1151267	37.93036998	3745.841	77.987	
113.1150746	37.93046365	3745.79	78.002	
113.1150222	37.93055781	3745.724	78.017	
113.1149695	37.93065226	3745.636	78.032	
113.1149167	37.93074723	3745.541	78.047	
113.1148633	37.93084261	3745.442	78.062	
113.1148095	37.93093881	3745.343	78.077	
113.1147557	37.93103573	3745.233	78.092	
113.1147012	37.9311333	3745.088	78.107	
113.1146465	37.93123174	3744.946	78.122	
113.1145912	37.93133079	3744.791	78.137	
113.1145359	37.93143066	3744.656	78.152	
113.1144797	37.93153127	3744.526	78.167	
113.1144236	37.93163261	3744.373	78.182	
113.1143668	37.93173448	3744.225	78.197	
113.1143098	37.93183706	3744.105	78.212	
113.1142523	37.93194021	3743.988	78.227	
113.1141946	37.93204382	3743.87	78.242	
113.1141371	37.93214778	3743.766	78.257	
113.1140795	37.93225202	3743.692	78.272	
113.1140217	37.93235643	3743.649	78.287	
113.1139638	37.93246107	3743.627	78.302	
113.1139056	37.93256592	3743.602	78.317	
113.1138474	37.93267099	3743.569	78.332	
113.1137891	37.93277627	3743.525	78.347	
113.1137306	37.93288185	3743.468	78.362	
113.1136717	37.93298783	3743.393	78.377	
113.1136125	37.9330943	3743.291	78.392	
113.1135534	37.93320105	3743.198	78.407	
113.1134942	37.93330798	3743.092	78.422	
113.1134346	37.93341516	3743.022	78.437	
113.1133746	37.93352252	3742.975	78.452	
113.1133146	37.93363014	3742.935	78.467	
113.113255	37.93373782	3742.895	78.482	
113.1131952	37.93384553	3742.887	78.497	
113.1131358	37.93395324	3742.899	78.512	
113.113076	37.93406048	3742.901	78.527	
113.1130168	37.9341678	3742.911	78.542	
113.112957	37.93427463	3742.949	78.557	
113.1128979	37.9343812	3742.981	78.572	
113.1128388	37.93448748	3743.025	78.587	
113.11278	37.9345936	3743.06	78.602	
113.1127214	37.9346992	3743.107	78.617	
113.112663	37.93480441	3743.158	78.632	
113.1126047	37.93490931	3743.182	78.647	
113.1125467	37.93501405	3743.22	78.662	
113.1124886	37.93511844	3743.253	78.677	
113.1124307	37.93522259	3743.283	78.692	
113.1123729	37.93532631	3743.313	78.707	
113.1123155	37.93542991	3743.374	78.722	
113.1122581	37.93553316	3743.413	78.737	
113.1122009	37.93563607	3743.451	78.752	
113.1121438	37.9357386	3743.483	78.767	
113.1120871	37.9358409	3743.513	78.782	
113.1120307	37.93594281	3743.558	78.797	
113.1119742	37.93604446	3743.598	78.812	
113.1119181	37.93614573	3743.643	78.827	
113.111862	37.93624658	3743.696	78.842	
113.1118061	37.93634714	3743.726	78.857	
113.1117504	37.93644737	3743.772	78.872	
113.1116949	37.93654727	3743.813	78.887	
113.1116397	37.93664688	3743.844	78.902	
113.1115846	37.93674615	3743.849	78.917	
113.1115298	37.93684507	3743.891	78.932	
113.1114751	37.93694363	3743.929	78.947	
113.1114204	37.93704178	3743.974	78.962	
113.1113662	37.93713953	3744.033	78.977	
113.1113122	37.93723709	3744.073	78.992	
113.111258	37.93733415	3744.102	79.007	
113.1112045	37.93743101	3744.153	79.022	
113.1111508	37.93752728	3744.181	79.037	
113.1110974	37.93762324	3744.21	79.052	
113.1110442	37.93771892	3744.253	79.067	
113.1109912	37.93781431	3744.296	79.082	
113.1109385	37.93790937	3744.344	79.097	
113.1108859	37.93800429	3744.36	79.112	
113.1108331	37.93809882	3744.384	79.127	
113.1107809	37.93819316	3744.401	79.142	
113.1107287	37.93828713	3744.426	79.157	
113.1106765	37.93838088	3744.465	79.172	
113.1106247	37.93847448	3744.486	79.187	
113.1105728	37.93856784	3744.506	79.202	
113.1105211	37.93866101	3744.516	79.217	
113.1104694	37.93875397	3744.527	79.232	
113.1104179	37.93884677	3744.532	79.247	
113.1103663	37.93893958	3744.538	79.262	
113.1103147	37.93903253	3744.539	79.277	
113.110263	37.93912548	3744.521	79.292	
113.1102113	37.93921858	3744.477	79.307	
113.1101595	37.93931186	3744.421	79.322	
113.1101073	37.93940547	3744.361	79.337	
113.1100551	37.93949951	3744.277	79.352	
113.1100026	37.93959402	3744.203	79.367	
113.1099499	37.9396889	3744.13	79.382	
113.109897	37.9397844	3744.03	79.397	
113.1098438	37.93988034	3743.936	79.412	
113.10979	37.9399768	3743.825	79.427	
113.1097361	37.94007393	3743.728	79.442	
113.1096819	37.94017152	3743.626	79.457	
113.1096275	37.94026967	3743.534	79.472	
113.1095727	37.9403683	3743.437	79.487	
113.1095177	37.94046747	3743.329	79.502	
113.1094623	37.94056716	3743.237	79.517	
113.1094067	37.94066736	3743.127	79.532	
113.1093507	37.94076803	3743.02	79.547	
113.1092944	37.94086926	3742.914	79.562	
113.1092379	37.94097124	3742.818	79.577	
113.1091811	37.94107363	3742.715	79.592	
113.109124	37.94117649	3742.598	79.607	
113.1090665	37.94127998	3742.491	79.622	
113.1090088	37.9413839	3742.388	79.637	
113.1089507	37.94148845	3742.275	79.652	
113.1088924	37.94159348	3742.154	79.667	
113.1088338	37.94169898	3742.045	79.682	
113.1087749	37.94180514	3741.933	79.697	
113.1087157	37.94191168	3741.823	79.712	
113.108656	37.94201858	3741.716	79.727	
113.1085963	37.94212613	3741.63	79.742	
113.1085364	37.94223426	3741.534	79.757	
113.1084759	37.9423427	3741.417	79.772	
113.108415	37.94245162	3741.307	79.787	
113.1083535	37.94256111	3741.196	79.802	
113.1082915	37.94267114	3741.07	79.817	
113.1082284	37.94278178	3740.917	79.832	
113.1081644	37.94289309	3740.75	79.847	
113.1080995	37.94300458	3740.568	79.862	
113.1080333	37.94311639	3740.41	79.877	
113.1079658	37.9432283	3740.283	79.892	
113.1078967	37.94334052	3740.166	79.907	
113.1078251	37.94345216	3740.055	79.922	
113.1077508	37.94356344	3739.928	79.937	
113.1076738	37.94367439	3739.805	79.952	
113.1075943	37.94378485	3739.676	79.967	
113.1075129	37.94389478	3739.535	79.982	
113.1074293	37.9440043	3739.415	79.997	
113.1073439	37.94411326	3739.328	80.012	
113.107256	37.94422144	3739.26	80.027	
113.1071662	37.94432897	3739.207	80.042	
113.1070743	37.9444352	3739.13	80.057	
113.1069807	37.94454043	3739.104	80.072	
113.1068846	37.94464481	3739.12	80.087	
113.1067866	37.9447481	3739.127	80.102	
113.1066869	37.94485035	3739.111	80.117	
113.1065857	37.94495163	3739.132	80.132	
113.1064824	37.94505143	3739.202	80.147	
113.1063779	37.94515063	3739.28	80.162	
113.1062718	37.94524901	3739.346	80.177	
113.1061646	37.94534669	3739.373	80.192	
113.1060561	37.94544362	3739.343	80.207	
113.1059469	37.9455404	3739.319	80.222	
113.1058371	37.94563729	3739.29	80.237	
113.1057266	37.94573437	3739.284	80.252	
113.1056157	37.94583128	3739.243	80.267	
113.1055046	37.9459284	3739.21	80.282	
113.1053932	37.94602575	3739.225	80.297	
113.1052818	37.94612287	3739.232	80.312	
113.1051703	37.94622018	3739.286	80.327	
113.1050594	37.9463172	3739.346	80.342	
113.1049487	37.9464141	3739.446	80.357	
113.1048381	37.94651065	3739.586	80.372	
113.1047278	37.94660687	3739.734	80.387	
113.1046179	37.94670287	3739.871	80.402	
113.1045082	37.94679868	3740.034	80.417	
113.1043989	37.94689393	3740.194	80.432	
113.1042903	37.94698917	3740.355	80.447	
113.1041816	37.94708387	3740.516	80.462	
113.1040734	37.94717809	3740.685	80.477	
113.1039658	37.9472721	3740.871	80.492	
113.1038585	37.94736589	3741.043	80.507	
113.1037515	37.94745912	3741.208	80.522	
113.103645	37.94755205	3741.366	80.537	
113.1035389	37.94764466	3741.534	80.552	
113.1034331	37.94773707	3741.688	80.567	
113.1033279	37.94782909	3741.844	80.582	
113.1032229	37.94792079	3742.013	80.597	
113.1031182	37.94801215	3742.192	80.612	
113.103014	37.94810319	3742.356	80.627	
113.1029102	37.94819395	3742.528	80.642	
113.1028067	37.94828407	3742.697	80.657	
113.1027036	37.94837414	3742.888	80.672	
113.1026008	37.94846385	3743.076	80.687	
113.1024983	37.94855342	3743.253	80.702	
113.1023959	37.94864271	3743.405	80.717	
113.1022938	37.94873194	3743.554	80.732	
113.1021918	37.94882105	3743.708	80.747	
113.1020901	37.94890998	3743.841	80.762	
113.1019885	37.94899888	3743.992	80.777	
113.1018867	37.94908781	3744.125	80.792	
113.1017845	37.94917667	3744.264	80.807	
113.1016823	37.94926558	3744.368	80.822	
113.1015798	37.94935489	3744.434	80.837	
113.101477	37.94944452	3744.479	80.852	
113.1013738	37.94953443	3744.528	80.867	
113.1012701	37.94962474	3744.544	80.882	
113.1011661	37.94971541	3744.589	80.897	
113.1010619	37.94980629	3744.635	80.912	
113.100957	37.94989741	3744.675	80.927	
113.1008519	37.94998896	3744.754	80.942	
113.1007466	37.95008081	3744.811	80.957	
113.1006409	37.95017293	3744.876	80.972	
113.1005347	37.95026535	3744.938	80.987	
113.1004282	37.95035803	3744.989	81.002	
113.1003215	37.95045096	3745.021	81.017	
113.1002144	37.95054435	3745.066	81.032	
113.1001069	37.95063818	3745.108	81.047	
113.099999	37.95073225	3745.16	81.062	
113.0998906	37.95082667	3745.208	81.077	
113.0997819	37.95092147	3745.226	81.092	
113.0996727	37.95101663	3745.264	81.107	
113.0995632	37.95111226	3745.29	81.122	
113.0994533	37.95120826	3745.324	81.137	
113.099343	37.95130468	3745.362	81.152	
113.0992322	37.95140129	3745.403	81.167	
113.0991209	37.95149811	3745.454	81.182	
113.0990093	37.95159514	3745.514	81.197	
113.0988976	37.95169258	3745.582	81.212	
113.0987856	37.95178997	3745.658	81.227	
113.0986735	37.95188772	3745.758	81.242	
113.0985613	37.95198551	3745.863	81.257	
113.0984489	37.95208353	3745.95	81.272	
113.0983361	37.95218185	3746.064	81.287	
113.0982232	37.95228037	3746.131	81.302	
113.0981102	37.95237918	3746.179	81.317	
113.0979967	37.95247832	3746.232	81.332	
113.0978827	37.95257762	3746.266	81.347	
113.0977685	37.95267715	3746.319	81.362	
113.097654	37.95277704	3746.382	81.377	
113.0975392	37.95287725	3746.445	81.392	
113.0974242	37.95297775	3746.511	81.407	
113.097309	37.95307836	3746.572	81.422	
113.0971934	37.95317904	3746.623	81.437	
113.0970777	37.95327985	3746.692	81.452	
113.0969622	37.95338056	3746.748	81.467	
113.0968468	37.95348114	3746.807	81.482	
113.0967316	37.9535817	3746.884	81.497	
113.0966166	37.9536819	3746.971	81.512	
113.0965017	37.95378198	3747.057	81.527	
113.096387	37.95388189	3747.129	81.542	
113.0962729	37.95398174	3747.188	81.557	
113.0961588	37.954081	3747.237	81.572	
113.0960453	37.95417997	3747.296	81.587	
113.0959321	37.95427871	3747.34	81.602	
113.0958188	37.95437743	3747.349	81.617	
113.0957057	37.95447589	3747.356	81.632	
113.0955927	37.95457454	3747.337	81.647	
113.0954797	37.95467302	3747.317	81.662	
113.0953668	37.9547715	3747.302	81.677	
113.0952535	37.95486988	3747.274	81.692	
113.0951405	37.95496827	3747.262	81.707	
113.0950274	37.95506669	3747.234	81.722	
113.0949143	37.95516514	3747.218	81.737	
113.0948012	37.95526363	3747.182	81.752	
113.0946879	37.95536228	3747.158	81.767	
113.0945745	37.95546103	3747.113	81.782	
113.0944611	37.95555989	3747.048	81.797	
113.0943475	37.95565911	3746.99	81.812	
113.0942336	37.95575843	3746.912	81.827	
113.0941193	37.95585784	3746.839	81.842	
113.0940048	37.95595743	3746.758	81.857	
113.0938902	37.95605714	3746.696	81.872	
113.0937755	37.95615706	3746.635	81.887	
113.0936606	37.95625721	3746.571	81.902	
113.0935456	37.95635752	3746.53	81.917	
113.0934305	37.9564578	3746.478	81.932	
113.0933153	37.95655822	3746.401	81.947	
113.0932002	37.95665868	3746.362	81.962	
113.0930854	37.95675875	3746.352	81.977	
113.0929712	37.95685857	3746.394	81.992	
113.0928572	37.95695807	3746.479	82.007	
113.0927438	37.95705724	3746.574	82.022	
113.0926307	37.95715587	3746.688	82.037	
113.0925181	37.95725424	3746.795	82.052	
113.0924059	37.95735228	3746.929	82.067	
113.0922941	37.95744969	3747.064	82.082	
113.0921832	37.95754656	3747.195	82.097	
113.0920725	37.95764301	3747.351	82.112	
113.0919623	37.95773912	3747.505	82.127	
113.0918526	37.95783475	3747.674	82.142	
113.0917434	37.95792985	3747.814	82.157	
113.0916348	37.95802467	3747.969	82.172	
113.0915265	37.95811925	3748.127	82.187	
113.0914186	37.95821341	3748.284	82.202	
113.091311	37.95830697	3748.456	82.217	
113.0912038	37.95840055	3748.605	82.232	
113.0910968	37.95849376	3748.769	82.247	
113.0909902	37.95858674	3748.918	82.262	
113.0908838	37.95867942	3749.048	82.277	
113.0907779	37.95877195	3749.185	82.292	
113.0906719	37.95886433	3749.335	82.307	
113.0905659	37.9589566	3749.469	82.322	
113.0904599	37.9590489	3749.617	82.337	
113.0903541	37.959141	3749.749	82.352	
113.0902486	37.95923302	3749.878	82.367	
113.0901431	37.95932493	3750.01	82.382	
113.0900377	37.95941677	3750.132	82.397	
113.0899325	37.95950865	3750.283	82.412	
113.0898274	37.95960045	3750.418	82.427	
113.089722	37.95969208	3750.558	82.442	
113.0896165	37.95978384	3750.68	82.457	
113.0895111	37.95987562	3750.785	82.472	
113.0894056	37.95996759	3750.876	82.487	
113.0893002	37.96005945	3750.98	82.502	
113.0891947	37.96015123	3751.087	82.517	
113.0890892	37.96024313	3751.213	82.532	
113.0889837	37.96033493	3751.326	82.547	
113.0888787	37.96042692	3751.46	82.562	
113.0887734	37.96051866	3751.585	82.577	
113.0886682	37.96061043	3751.733	82.592	
113.0885627	37.96070205	3751.855	82.607	
113.0884576	37.96079383	3751.984	82.622	
113.0883523	37.96088545	3752.105	82.637	
113.0882471	37.96097715	3752.231	82.652	
113.0881422	37.96106857	3752.349	82.667	
113.0880373	37.96116001	3752.494	82.682	
113.0879326	37.96125162	3752.659	82.697	
113.0878278	37.96134313	3752.794	82.712	
113.0877227	37.96143464	3752.876	82.727	
113.0876175	37.96152627	3752.944	82.742	
113.0875118	37.96161797	3752.967	82.757	
113.087406	37.9617103	3752.977	82.772	
113.0872994	37.96180291	3752.957	82.787	
113.0871925	37.96189573	3752.929	82.802	
113.0870851	37.96198895	3752.922	82.817	
113.0869772	37.96208248	3752.908	82.832	
113.0868694	37.96217658	3752.912	82.847	
113.0867613	37.96227086	3752.926	82.862	
113.086653	37.96236533	3752.946	82.877	
113.0865445	37.96245984	3752.953	82.892	
113.086436	37.96255438	3752.953	82.907	
113.0863272	37.96264889	3752.963	82.922	
113.0862183	37.96274335	3752.971	82.937	
113.0861096	37.96283801	3752.988	82.952	
113.0860009	37.96293285	3753.014	82.967	
113.0858922	37.96302747	3753.03	82.982	
113.0857834	37.96312213	3753.059	82.997	
113.0856747	37.96321662	3753.058	83.012	
113.0855664	37.96331111	3753.055	83.027	
113.085458	37.96340541	3753.052	83.042	
113.0853497	37.96349943	3753.066	83.057	
113.0852413	37.96359331	3753.045	83.072	
113.085133	37.96368691	3753.063	83.087	
113.0850246	37.96378027	3753.083	83.102	
113.0849161	37.96387335	3753.084	83.117	
113.0848074	37.96396607	3753.088	83.132	
113.0846986	37.96405879	3753.076	83.147	
113.0845898	37.96415131	3753.068	83.162	
113.084481	37.96424381	3753.052	83.177	
113.0843721	37.96433622	3753.045	83.192	
113.084264	37.9644289	3753.046	83.207	
113.0841558	37.96452129	3753.039	83.222	
113.0840483	37.96461401	3753.041	83.237	
113.0839414	37.96470695	3753.063	83.252	
113.0838351	37.96480014	3753.056	83.267	
113.0837289	37.96489331	3753.056	83.282	
113.0836233	37.96498687	3753.046	83.297	
113.0835175	37.96508022	3753.033	83.312	
113.0834118	37.96517367	3753.003	83.327	
113.0833061	37.96526701	3752.998	83.342	
113.0831999	37.96536007	3752.975	83.357	
113.0830937	37.96545321	3752.941	83.372	
113.0829872	37.96554628	3752.917	83.387	
113.0828808	37.96563918	3752.858	83.402	
113.0827738	37.96573219	3752.826	83.417	
113.0826669	37.96582559	3752.793	83.432	
113.0825595	37.96591925	3752.726	83.447	
113.0824519	37.96601332	3752.644	83.462	
113.0823439	37.96610754	3752.541	83.477	
113.0822355	37.96620203	3752.443	83.492	
113.0821266	37.96629668	3752.348	83.507	
113.0820174	37.96639166	3752.236	83.522	
113.0819079	37.96648693	3752.139	83.537	
113.0817974	37.96658241	3752.049	83.552	
113.0816866	37.96667858	3751.916	83.567	
113.0815753	37.96677527	3751.763	83.582	
113.0814637	37.96687261	3751.593	83.597	
113.0813513	37.96697042	3751.432	83.612	
113.0812386	37.96706926	3751.282	83.627	
113.081125	37.96716842	3751.101	83.642	
113.08101	37.96726843	3750.899	83.657	
113.0808943	37.96736903	3750.638	83.672	
113.080778	37.96747071	3750.388	83.687	
113.0806623	37.96757386	3750.146	83.702	
113.0805473	37.9676786	3749.954	83.717	
113.0804334	37.96778512	3749.784	83.732	
113.0803201	37.96789331	3749.638	83.747	
113.0802071	37.96800301	3749.467	83.762	
113.0800935	37.96811353	3749.24	83.777	
113.0799786	37.96822468	3748.969	83.792	
113.0798618	37.96833564	3748.688	83.807	
113.0797425	37.96844532	3748.436	83.822	
113.0796209	37.96855317	3748.247	83.837	
113.0794969	37.96865806	3748.068	83.852	
113.0793702	37.96875941	3747.933	83.867	
113.0792395	37.96885715	3747.851	83.882	
113.0791052	37.9689516	3747.713	83.897	
113.0789679	37.96904256	3747.53	83.912	
113.0788283	37.96912991	3747.296	83.927	
113.078687	37.9692146	3747.12	83.942	
113.0785453	37.96929809	3746.976	83.957	
113.0784032	37.96938048	3746.86	83.972	
113.0782614	37.96946173	3746.741	83.987	
113.0781198	37.96954212	3746.616	84.002	
113.0779777	37.96962144	3746.495	84.017	
113.0778352	37.96969952	3746.324	84.032	
113.0776919	37.96977595	3746.099	84.047	
113.0775477	37.96985069	3745.875	84.062	
113.0774027	37.96992386	3745.666	84.077	
113.0772567	37.96999504	3745.473	84.092	
113.0771096	37.97006419	3745.298	84.107	
113.0769614	37.97013122	3745.113	84.122	
113.0768124	37.97019624	3744.936	84.137	
113.0766624	37.97025928	3744.75	84.152	
113.0765119	37.97032068	3744.572	84.167	
113.0763606	37.97038007	3744.379	84.182	
113.0762087	37.97043735	3744.183	84.197	
113.0760564	37.97049246	3743.99	84.212	
113.0759038	37.97054586	3743.832	84.227	
113.075751	37.97059759	3743.718	84.242	
113.075597	37.97064733	3743.58	84.257	
113.0754418	37.97069518	3743.429	84.272	
113.0752853	37.97074155	3743.301	84.287	
113.0751278	37.97078634	3743.196	84.302	
113.0749689	37.97082937	3743.107	84.317	
113.074809	37.97087048	3743.052	84.332	
113.0746483	37.97090963	3743.014	84.347	
113.0744869	37.97094693	3742.989	84.362	
113.0743251	37.97098237	3742.977	84.377	
113.0741627	37.97101584	3742.976	84.392	
113.074	37.97104753	3742.972	84.407	
113.0738368	37.97107709	3742.967	84.422	
113.0736733	37.97110472	3742.952	84.437	
113.0735095	37.97113034	3742.936	84.452	
113.0733454	37.97115415	3742.931	84.467	
113.073181	37.97117606	3742.928	84.482	
113.0730163	37.97119604	3742.925	84.497	
113.0728517	37.97121424	3742.921	84.512	
113.0726867	37.97123065	3742.931	84.527	
113.0725216	37.97124495	3742.929	84.542	
113.0723566	37.97125742	3742.921	84.557	
113.0721913	37.97126782	3742.927	84.572	
113.0720261	37.97127645	3742.931	84.587	
113.0718611	37.9712831	3742.932	84.602	
113.0716963	37.97128779	3742.94	84.617	
113.0715318	37.9712906	3742.976	84.632	
113.0713677	37.97129158	3743.023	84.647	
113.0712046	37.97129085	3743.07	84.662	
113.0710422	37.9712883	3743.157	84.677	
113.0708809	37.97128386	3743.269	84.692	
113.0707209	37.97127768	3743.412	84.707	
113.0705624	37.97126985	3743.555	84.722	
113.0704052	37.97126023	3743.727	84.737	
113.0702496	37.97124894	3743.885	84.752	
113.0700957	37.97123601	3744.052	84.767	
113.0699431	37.97122152	3744.227	84.782	
113.0697922	37.97120542	3744.372	84.797	
113.0696431	37.97118811	3744.507	84.812	
113.0694959	37.97116958	3744.652	84.827	
113.0693502	37.97115006	3744.829	84.842	
113.0692063	37.97112933	3744.994	84.857	
113.069064	37.97110716	3745.152	84.872	
113.0689232	37.97108377	3745.304	84.887	
113.0687837	37.97105902	3745.453	84.902	
113.0686458	37.97103322	3745.588	84.917	
113.0685092	37.9710065	3745.73	84.932	
113.0683739	37.97097921	3745.876	84.947	
113.0682396	37.97095112	3746.014	84.962	
113.0681065	37.97092276	3746.139	84.977	
113.0679741	37.97089452	3746.262	84.992	
113.0678427	37.97086599	3746.387	85.007	
113.0677121	37.9708374	3746.525	85.022	
113.0675823	37.97080931	3746.662	85.037	
113.0674535	37.97078132	3746.777	85.052	
113.0673252	37.97075353	3746.926	85.067	
113.0671978	37.97072606	3747.055	85.082	
113.0670712	37.97069849	3747.203	85.097	
113.0669455	37.97067138	3747.333	85.112	
113.0668205	37.97064428	3747.473	85.127	
113.0666963	37.97061745	3747.618	85.142	
113.0665731	37.97059063	3747.751	85.157	
113.0664505	37.97056414	3747.876	85.172	
113.0663287	37.97053764	3748.009	85.187	
113.0662073	37.97051139	3748.154	85.202	
113.0660868	37.9704852	3748.291	85.217	
113.0659667	37.97045922	3748.441	85.232	
113.0658472	37.97043322	3748.59	85.247	
113.0657281	37.97040743	3748.726	85.262	
113.0656094	37.97038168	3748.849	85.277	
113.065491	37.9703561	3748.979	85.292	
113.065373	37.97033059	3749.104	85.307	
113.0652553	37.970305	3749.231	85.322	
113.0651379	37.9702794	3749.356	85.337	
113.0650204	37.97025417	3749.48	85.352	
113.0649032	37.97022875	3749.623	85.367	
113.0647862	37.9702035	3749.769	85.382	
113.0646692	37.97017817	3749.908	85.397	
113.0645524	37.97015283	3750.037	85.412	
113.0644356	37.97012763	3750.164	85.427	
113.064319	37.9701024	3750.309	85.442	
113.0642025	37.97007735	3750.454	85.457	
113.0640861	37.97005209	3750.591	85.472	
113.0639699	37.97002706	3750.727	85.487	
113.0638538	37.97000197	3750.845	85.502	
113.0637379	37.96997678	3750.979	85.517	
113.0636221	37.96995187	3751.114	85.532	
113.0635062	37.9699267	3751.256	85.547	
113.0633906	37.96990176	3751.387	85.562	
113.0632748	37.96987659	3751.501	85.577	
113.0631592	37.96985152	3751.629	85.592	
113.0630435	37.96982656	3751.763	85.607	
113.0629277	37.96980145	3751.89	85.622	
113.0628119	37.96977653	3752.036	85.637	
113.0626962	37.9697514	3752.162	85.652	
113.0625805	37.96972645	3752.289	85.667	
113.0624648	37.96970156	3752.416	85.682	
113.0623491	37.9696765	3752.529	85.697	
113.0622335	37.9696516	3752.655	85.712	
113.0621179	37.96962664	3752.798	85.727	
113.0620023	37.96960151	3752.94	85.742	
113.0618868	37.9695769	3753.071	85.757	
113.0617713	37.96955177	3753.227	85.772	
113.0616558	37.9695269	3753.353	85.787	
113.0615403	37.96950191	3753.482	85.802	
113.0614249	37.9694766	3753.623	85.817	
113.0613095	37.96945188	3753.757	85.832	
113.061194	37.9694269	3753.872	85.847	
113.0610787	37.969402	3754.005	85.862	
113.0609635	37.96937712	3754.143	85.877	
113.0608483	37.96935217	3754.288	85.892	
113.0607328	37.96932729	3754.434	85.907	
113.0606175	37.96930246	3754.566	85.922	
113.0605022	37.96927743	3754.693	85.937	
113.060387	37.96925255	3754.833	85.952	
113.0602716	37.96922764	3754.967	85.967	
113.0601563	37.96920271	3755.091	85.982	
113.0600408	37.96917775	3755.209	85.997	
113.0599252	37.96915281	3755.335	86.012	
113.0598097	37.96912783	3755.471	86.027	
113.0596941	37.96910295	3755.594	86.042	
113.0595787	37.96907776	3755.73	86.057	
113.0594631	37.96905285	3755.857	86.072	
113.0593474	37.96902777	3755.986	86.087	
113.0592317	37.96900263	3756.126	86.102	
113.0591158	37.96897765	3756.251	86.117	
113.0589999	37.9689523	3756.386	86.132	
113.0588839	37.96892724	3756.512	86.147	
113.0587679	37.96890202	3756.642	86.162	
113.0586518	37.96887689	3756.771	86.177	
113.0585355	37.96885169	3756.909	86.192	
113.0584192	37.96882642	3757.026	86.207	
113.0583029	37.96880124	3757.147	86.222	
113.0581866	37.96877603	3757.265	86.237	
113.0580705	37.96875078	3757.387	86.252	
113.0579544	37.96872548	3757.508	86.267	
113.0578382	37.9687002	3757.616	86.282	
113.0577221	37.96867501	3757.725	86.297	
113.0576057	37.9686495	3757.839	86.312	
113.0574891	37.96862435	3757.951	86.327	
113.0573726	37.96859866	3758.062	86.342	
113.0572556	37.96857358	3758.16	86.357	
113.0571389	37.96854806	3758.253	86.372	
113.0570217	37.96852298	3758.341	86.387	
113.0569044	37.96849735	3758.463	86.402	
113.0567869	37.96847184	3758.563	86.417	
113.0566694	37.96844618	3758.664	86.432	
113.0565514	37.96842081	3758.776	86.447	
113.0564332	37.9683951	3758.878	86.462	
113.0563146	37.96836933	3758.97	86.477	
113.0561956	37.96834358	3759.041	86.492	
113.0560763	37.96831778	3759.095	86.507	
113.0559569	37.9682921	3759.174	86.522	
113.0558371	37.96826623	3759.255	86.537	
113.0557174	37.96824045	3759.34	86.552	
113.0555978	37.96821487	3759.437	86.567	
113.055478	37.96818937	3759.533	86.582	
113.0553583	37.96816391	3759.644	86.597	
113.0552383	37.96813836	3759.744	86.612	
113.0551177	37.96811299	3759.824	86.627	
113.0549965	37.96808751	3759.87	86.642	
113.0548743	37.96806237	3759.897	86.657	
113.054751	37.96803721	3759.879	86.672	
113.0546267	37.96801272	3759.854	86.687	
113.0545012	37.96798912	3759.801	86.702	
113.0543747	37.96796555	3759.761	86.717	
113.0542469	37.96794319	3759.712	86.732	
113.0541184	37.96792119	3759.662	86.747	
113.0539889	37.96790019	3759.608	86.762	
113.0538587	37.96788013	3759.589	86.777	
113.0537279	37.9678604	3759.569	86.792	
113.0535967	37.96784154	3759.57	86.807	
113.0534651	37.96782349	3759.608	86.822	
113.0533335	37.9678063	3759.646	86.837	
113.0532021	37.9677903	3759.695	86.852	
113.0530714	37.96777506	3759.731	86.867	
113.0529411	37.96776107	3759.781	86.882	
113.0528118	37.96774804	3759.842	86.897	
113.0526833	37.9677362	3759.924	86.912	
113.0525561	37.96772516	3760.02	86.927	
113.0524301	37.96771485	3760.128	86.942	
113.0523057	37.96770564	3760.286	86.957	
113.0521829	37.96769684	3760.435	86.972	
113.052062	37.96768928	3760.606	86.987	
113.0519427	37.96768207	3760.789	87.002	
113.0518253	37.96767531	3760.962	87.017	
113.0517098	37.96766944	3761.15	87.032	
113.0515961	37.96766379	3761.328	87.047	
113.0514842	37.96765891	3761.489	87.062	
113.0513745	37.96765503	3761.678	87.077	
113.0512671	37.96765247	3761.843	87.092	
113.0511618	37.96765046	3762.018	87.107	
113.0510583	37.96764936	3762.191	87.122	
113.050956	37.96764864	3762.387	87.137	
113.0508543	37.96764795	3762.555	87.152	
113.0507535	37.96764823	3762.686	87.167	
113.0506533	37.96764846	3762.803	87.182	
113.0505536	37.96764921	3762.886	87.197	
113.0504543	37.96765035	3762.972	87.212	
113.0503555	37.96765139	3763.04	87.227	
113.050257	37.96765328	3763.119	87.242	
113.0501588	37.96765508	3763.202	87.257	
113.0500609	37.96765726	3763.302	87.272	
113.0499633	37.96766029	3763.39	87.287	
113.0498659	37.9676634	3763.477	87.302	
113.0497687	37.96766695	3763.571	87.317	
113.0496719	37.96767112	3763.645	87.332	
113.0495754	37.96767565	3763.722	87.347	
113.0494793	37.96768055	3763.785	87.362	
113.0493836	37.96768623	3763.867	87.377	
113.0492882	37.96769207	3763.956	87.392	
113.049193	37.96769852	3764.037	87.407	
113.049098	37.96770527	3764.128	87.422	
113.0490032	37.96771229	3764.223	87.437	
113.0489084	37.96771985	3764.306	87.452	
113.0488137	37.96772754	3764.37	87.467	
113.0487192	37.9677355	3764.449	87.482	
113.0486246	37.96774393	3764.502	87.497	
113.04853	37.96775241	3764.556	87.512	
113.0484353	37.96776148	3764.62	87.527	
113.0483404	37.96777113	3764.677	87.542	
113.0482455	37.96778104	3764.731	87.557	
113.0481507	37.96779168	3764.779	87.572	
113.0480558	37.96780277	3764.826	87.587	
113.047961	37.96781405	3764.889	87.602	
113.0478662	37.96782622	3764.951	87.617	
113.0477715	37.96783843	3765.036	87.632	
113.0476772	37.96785126	3765.128	87.647	
113.0475834	37.96786475	3765.23	87.662	
113.0474902	37.96787847	3765.33	87.677	
113.0473979	37.96789323	3765.441	87.692	
113.0473064	37.96790832	3765.555	87.707	
113.0472158	37.96792375	3765.699	87.722	
113.0471259	37.96793951	3765.851	87.737	
113.0470369	37.96795562	3766.014	87.752	
113.0469487	37.96797182	3766.2	87.767	
113.0468613	37.96798811	3766.41	87.782	
113.0467748	37.9680048	3766.613	87.797	
113.0466886	37.96802129	3766.814	87.812	
113.0466032	37.96803851	3767	87.827	
113.0465181	37.96805547	3767.176	87.842	
113.0464334	37.96807278	3767.335	87.857	
113.0463491	37.96809025	3767.476	87.872	
113.046265	37.96810809	3767.602	87.887	
113.0461805	37.96812614	3767.729	87.902	
113.0460959	37.96814472	3767.851	87.917	
113.0460106	37.96816359	3767.981	87.932	
113.0459246	37.96818291	3768.091	87.947	
113.0458379	37.96820276	3768.179	87.962	
113.0457505	37.96822325	3768.284	87.977	
113.0456623	37.96824398	3768.381	87.992	
113.0455734	37.96826543	3768.446	88.007	
113.0454835	37.96828755	3768.518	88.022	
113.0453929	37.96831027	3768.586	88.037	
113.0453013	37.9683337	3768.659	88.052	
113.0452088	37.96835754	3768.739	88.067	
113.0451156	37.96838235	3768.82	88.082	
113.0450217	37.96840788	3768.902	88.097	
113.0449271	37.96843422	3769.01	88.112	
113.0448316	37.96846161	3769.113	88.127	
113.0447352	37.96848931	3769.243	88.142	
113.044638	37.96851813	3769.364	88.157	
113.0445402	37.96854806	3769.505	88.172	
113.0444414	37.96857825	3769.633	88.187	
113.044342	37.96860978	3769.729	88.202	
113.0442419	37.96864198	3769.843	88.217	
113.0441407	37.96867424	3769.938	88.232	
113.044039	37.96870793	3770.047	88.247	
113.0439366	37.96874217	3770.163	88.262	
113.0438335	37.9687774	3770.269	88.277	
113.0437304	37.96881366	3770.38	88.292	
113.0436267	37.96885046	3770.511	88.307	
113.043523	37.96888829	3770.659	88.322	
113.0434194	37.96892669	3770.829	88.337	
113.0433159	37.9689661	3770.983	88.352	
113.0432117	37.96900608	3771.137	88.367	
113.0431069	37.9690466	3771.292	88.382	
113.043002	37.96908802	3771.391	88.397	
113.0428965	37.96912998	3771.463	88.412	
113.042791	37.96917317	3771.533	88.427	
113.0426848	37.96921708	3771.623	88.442	
113.0425781	37.96926183	3771.718	88.457	
113.042471	37.96930743	3771.801	88.472	
113.0423635	37.96935374	3771.906	88.487	
113.0422555	37.96940049	3772.016	88.502	
113.0421473	37.96944794	3772.104	88.517	
113.0420384	37.96949574	3772.229	88.532	
113.0419295	37.96954405	3772.363	88.547	
113.0418203	37.9695928	3772.483	88.562	
113.0417109	37.96964172	3772.616	88.577	
113.0416011	37.96969128	3772.758	88.592	
113.0414906	37.96974093	3772.886	88.607	
113.0413797	37.96979111	3773.019	88.622	
113.0412682	37.96984124	3773.131	88.637	
113.0411564	37.96989169	3773.252	88.652	
113.0410438	37.96994228	3773.361	88.667	
113.0409307	37.96999344	3773.469	88.682	
113.0408167	37.97004494	3773.572	88.697	
113.0407019	37.97009669	3773.658	88.712	
113.0405861	37.970149	3773.738	88.727	
113.040469	37.97020154	3773.797	88.742	
113.0403508	37.97025463	3773.835	88.757	
113.0402314	37.97030796	3773.846	88.772	
113.0401109	37.97036201	3773.867	88.787	
113.0399894	37.97041672	3773.895	88.802	
113.0398666	37.97047196	3773.918	88.817	
113.0397426	37.97052756	3773.943	88.832	
113.0396176	37.97058382	3773.989	88.847	
113.0394916	37.97064056	3774.019	88.862	
113.0393647	37.97069775	3774.054	88.877	
113.039237	37.97075547	3774.079	88.892	
113.0391083	37.97081337	3774.121	88.907	
113.038979	37.97087181	3774.181	88.922	
113.0388487	37.97093038	3774.24	88.937	
113.0387178	37.97098959	3774.278	88.952	
113.0385861	37.97104891	3774.323	88.967	
113.0384538	37.97110862	3774.349	88.982	
113.0383206	37.97116837	3774.392	88.997	
113.038187	37.97122855	3774.434	89.012	
113.0380526	37.97128903	3774.488	89.027	
113.0379177	37.97134967	3774.521	89.042	
113.0377822	37.97141054	3774.578	89.057	
113.0376463	37.9714716	3774.611	89.072	
113.0375099	37.97153301	3774.652	89.087	
113.037373	37.97159456	3774.69	89.102	
113.037236	37.97165638	3774.715	89.117	
113.0370989	37.9717183	3774.74	89.132	
113.0369616	37.97178014	3774.794	89.147	
113.036824	37.97184148	3774.818	89.162	
113.0366863	37.97190346	3774.828	89.177	
113.0365481	37.97196557	3774.822	89.192	
113.0364098	37.97202773	3774.818	89.207	
113.036271	37.97208993	3774.794	89.222	
113.0361318	37.97215278	3774.775	89.237	
113.0359919	37.97221565	3774.742	89.252	
113.0358515	37.97227901	3774.667	89.267	
113.0357104	37.97234255	3774.597	89.282	
113.0355685	37.97240619	3774.517	89.297	
113.0354258	37.97247018	3774.433	89.312	
113.0352825	37.97253463	3774.335	89.327	
113.0351388	37.97259916	3774.223	89.342	
113.0349948	37.97266374	3774.111	89.357	
113.0348503	37.97272862	3774.03	89.372	
113.0347052	37.9727935	3773.949	89.387	
113.03456	37.97285878	3773.84	89.402	
113.0344144	37.97292458	3773.759	89.417	
113.0342681	37.97299016	3773.651	89.432	
113.0341212	37.97305595	3773.558	89.447	
113.0339741	37.97312233	3773.429	89.462	
113.0338263	37.97318891	3773.322	89.477	
113.033678	37.97325579	3773.222	89.492	
113.0335293	37.97332265	3773.11	89.507	
113.0333796	37.97338965	3772.986	89.522	
113.0332296	37.97345709	3772.88	89.537	
113.033079	37.97352461	3772.763	89.552	
113.0329278	37.97359276	3772.64	89.567	
113.0327762	37.97366112	3772.487	89.582	
113.032624	37.97372932	3772.33	89.597	
113.0324724	37.97379715	3772.173	89.612	
113.0323219	37.97386456	3772.028	89.627	
113.0321725	37.97393135	3771.907	89.642	
113.0320248	37.9739981	3771.784	89.657	
113.0318781	37.97406423	3771.667	89.672	
113.0317327	37.9741297	3771.588	89.687	
113.0315888	37.97419452	3771.556	89.702	
113.0314451	37.97425928	3771.57	89.717	
113.0313016	37.97432397	3771.603	89.732	
113.0311583	37.97438836	3771.629	89.747	
113.0310153	37.97445274	3771.651	89.762	
113.0308728	37.97451689	3771.668	89.777	
113.0307306	37.97458079	3771.694	89.792	
113.030589	37.97464452	3771.739	89.807	
113.0304478	37.97470829	3771.794	89.822	
113.0303071	37.97477216	3771.831	89.837	
113.0301671	37.97483578	3771.881	89.852	
113.0300279	37.97489949	3771.941	89.867	
113.0298894	37.97496332	3772.014	89.882	
113.0297519	37.97502741	3772.085	89.897	
113.0296153	37.97509156	3772.149	89.912	
113.0294794	37.97515575	3772.237	89.927	
113.0293442	37.9752204	3772.305	89.942	
113.0292096	37.97528525	3772.338	89.957	
113.0290757	37.97535014	3772.35	89.972	
113.0289425	37.97541511	3772.387	89.987	
113.0288098	37.97548006	3772.421	90.002	
113.0286781	37.9755454	3772.47	90.017	
113.028547	37.97561044	3772.523	90.032	
113.0284169	37.97567593	3772.603	90.047	
113.0282872	37.975742	3772.691	90.062	
113.0281582	37.97580828	3772.794	90.077	
113.0280297	37.97587486	3772.866	90.092	
113.0279016	37.97594144	3772.959	90.107	
113.027774	37.97600824	3773.059	90.122	
113.0276471	37.97607531	3773.151	90.137	
113.0275208	37.97614275	3773.256	90.152	
113.027395	37.9762101	3773.37	90.167	
113.0272697	37.97627741	3773.48	90.182	
113.0271451	37.97634482	3773.614	90.197	
113.0270211	37.97641258	3773.752	90.212	
113.0268979	37.97648048	3773.899	90.227	
113.0267753	37.97654837	3774.054	90.242	
113.0266532	37.97661629	3774.199	90.257	
113.0265319	37.9766844	3774.36	90.272	
113.0264114	37.97675259	3774.525	90.287	
113.0262916	37.9768208	3774.691	90.302	
113.0261725	37.97688892	3774.842	90.317	
113.0260542	37.97695727	3775.005	90.332	
113.0259368	37.97702562	3775.17	90.347	
113.0258202	37.97709424	3775.335	90.362	
113.0257043	37.97716283	3775.514	90.377	
113.0255891	37.9772313	3775.682	90.392	
113.0254746	37.97729988	3775.849	90.407	
113.0253606	37.97736827	3776.003	90.422	
113.0252473	37.97743689	3776.16	90.437	
113.0251343	37.97750531	3776.298	90.452	
113.0250217	37.97757392	3776.44	90.467	
113.0249096	37.97764263	3776.58	90.482	
113.024798	37.97771124	3776.698	90.497	
113.0246871	37.97778024	3776.811	90.512	
113.0245769	37.97784919	3776.953	90.527	
113.0244673	37.97791835	3777.1	90.542	
113.0243589	37.97798804	3777.257	90.557	
113.0242509	37.97805773	3777.415	90.572	
113.0241435	37.97812749	3777.566	90.587	
113.0240361	37.97819694	3777.719	90.602	
113.0239291	37.97826652	3777.884	90.617	
113.023823	37.97833673	3778.034	90.632	
113.0237168	37.97840717	3778.168	90.647	
113.0236106	37.97847783	3778.27	90.662	
113.0235044	37.97854897	3778.35	90.677	
113.023398	37.97862065	3778.411	90.692	
113.0232912	37.97869288	3778.458	90.707	
113.023184	37.97876572	3778.517	90.722	
113.0230767	37.9788392	3778.526	90.737	
113.022969	37.97891345	3778.529	90.752	
113.0228606	37.97898847	3778.548	90.767	
113.0227519	37.97906423	3778.556	90.782	
113.0226429	37.97914091	3778.557	90.797	
113.0225335	37.97921825	3778.551	90.812	
113.0224235	37.97929639	3778.547	90.827	
113.0223132	37.97937516	3778.559	90.842	
113.022203	37.97945505	3778.566	90.857	
113.0220924	37.97953564	3778.589	90.872	
113.0219814	37.979617	3778.613	90.887	
113.02187	37.97969886	3778.623	90.902	
113.0217585	37.97978158	3778.641	90.917	
113.021647	37.97986511	3778.655	90.932	
113.0215351	37.97994947	3778.676	90.947	
113.021423	37.98003457	3778.686	90.962	
113.0213108	37.98012035	3778.702	90.977	
113.0211984	37.98020688	3778.712	90.992	
113.0210857	37.9802941	3778.73	91.007	
113.0209734	37.98038201	3778.757	91.022	
113.0208607	37.98047065	3778.806	91.037	
113.0207473	37.98055998	3778.869	91.052	
113.0206341	37.98065003	3778.889	91.067	
113.0205209	37.98074087	3778.913	91.082	
113.0204076	37.98083231	3778.928	91.097	
113.0202946	37.98092463	3778.972	91.112	
113.0201814	37.98101748	3779.03	91.127	
113.0200681	37.98111089	3779.057	91.142	
113.0199545	37.98120493	3779.071	91.157	
113.0198406	37.98129955	3779.048	91.172	
113.0197267	37.9813949	3779.017	91.187	
113.0196127	37.981491	3779.005	91.202	
113.0194988	37.98158807	3778.958	91.217	
113.0193852	37.98168596	3778.909	91.232	
113.0192717	37.98178443	3778.861	91.247	
113.0191583	37.98188357	3778.838	91.262	
113.0190453	37.98198318	3778.849	91.277	
113.0189328	37.98208292	3778.881	91.292	
113.018821	37.98218283	3778.959	91.307	
113.0187097	37.982283	3779.033	91.322	
113.0185994	37.98238338	3779.104	91.337	
113.0184901	37.98248361	3779.151	91.352	
113.0183815	37.9825839	3779.211	91.367	
113.0182739	37.98268433	3779.261	91.382	
113.0181669	37.98278493	3779.289	91.397	
113.0180607	37.98288532	3779.319	91.412	
113.0179551	37.98298554	3779.373	91.427	
113.0178495	37.98308537	3779.451	91.442	
113.0177442	37.98318498	3779.5	91.457	
113.017639	37.98328459	3779.537	91.472	
113.0175338	37.98338418	3779.539	91.487	
113.0174288	37.98348384	3779.509	91.502	
113.0173236	37.98358345	3779.454	91.517	
113.0172184	37.98368301	3779.418	91.532	
113.0171131	37.98378263	3779.392	91.547	
113.0170077	37.98388276	3779.33	91.562	
113.0169018	37.98398288	3779.256	91.577	
113.0167958	37.98408319	3779.179	91.592	
113.0166896	37.98418347	3779.114	91.607	
113.0165836	37.98428406	3779.062	91.622	
113.016477	37.98438462	3779.015	91.637	
113.0163705	37.98448546	3778.971	91.652	
113.0162639	37.98458652	3778.906	91.667	
113.0161573	37.98468768	3778.837	91.682	
113.0160506	37.98478885	3778.801	91.697	
113.0159437	37.98489028	3778.749	91.712	
113.0158364	37.98499178	3778.699	91.727	
113.0157288	37.98509356	3778.629	91.742	
113.0156212	37.98519546	3778.544	91.757	
113.0155132	37.9852975	3778.492	91.772	
113.0154052	37.98539968	3778.432	91.787	
113.0152971	37.9855019	3778.377	91.802	
113.0151888	37.98560423	3778.314	91.817	
113.0150804	37.98570687	3778.254	91.832	
113.0149719	37.98580954	3778.195	91.847	
113.0148635	37.98591269	3778.139	91.862	
113.0147549	37.98601568	3778.096	91.877	
113.014646	37.98611878	3778.033	91.892	
113.0145371	37.98622187	3778.016	91.907	
113.0144281	37.9863248	3777.987	91.922	
113.014319	37.9864279	3777.95	91.937	
113.0142098	37.98653119	3777.926	91.952	
113.0141008	37.98663488	3777.883	91.967	
113.0139916	37.98673856	3777.824	91.982	
113.0138821	37.98684222	3777.768	91.997	
113.0137725	37.98694594	3777.716	92.012	
113.0136626	37.98704985	3777.663	92.027	
113.0135525	37.98715397	3777.605	92.042	
113.0134422	37.98725816	3777.54	92.057	
113.0133318	37.98736256	3777.471	92.072	
113.0132213	37.98746704	3777.402	92.087	
113.0131106	37.98757169	3777.345	92.102	
113.013	37.98767645	3777.29	92.117	
113.0128893	37.98778142	3777.231	92.132	
113.0127786	37.98788639	3777.185	92.147	
113.0126679	37.98799151	3777.131	92.162	
113.0125572	37.98809678	3777.085	92.177	
113.0124459	37.98820186	3777.041	92.192	
113.0123344	37.98830697	3776.98	92.207	
113.0122232	37.98841252	3776.938	92.222	
113.0121117	37.98851787	3776.906	92.237	
113.0120003	37.98862315	3776.881	92.252	
113.0118888	37.98872829	3776.883	92.267	
113.0117774	37.98883355	3776.884	92.282	
113.011666	37.98893894	3776.851	92.297	
113.011559	37.98904661	3499.141	92.312	
113.0114519	37.98915428	3221.432	92.327	
113.0113449	37.98926195	2943.722	92.342	
113.0112378	37.98936962	2666.012	92.357	
113.0111307	37.9894773	2388.303	92.372	
113.0110237	37.98958497	2110.593	92.387	
113.0109166	37.98969264	1832.884	92.402	
113.0108096	37.98980031	1555.174	92.417	
113.0107025	37.98990798	1277.464	92.432	
113.0105955	37.99001565	999.7547	92.447	
113.0104884	37.99012332	722.045	92.462	
113.0103814	37.99023099	444.3354	92.477	
113.0102743	37.99033866	166.6258	92.492	
113.0101566	37.99043946	0	92.507	
113.0100407	37.99053872	0	92.507	
113.0099248	37.99063798	0	92.507	
113.0098089	37.99073724	0	92.507	
113.009693	37.9908365	0	92.507	
113.0095771	37.99093576	0	92.507	
113.0094625	37.99103396	0	92.507	XJG
113.0093884	37.99109863	3770	0	3G
113.0093666	37.99111938	3770	3	
113.0093447	37.99114013	3770	6	
113.0093228	37.99116088	3770	9	
113.0093009	37.99118163	3770	12	
113.009279	37.99120238	3770	15	
113.0092571	37.99122313	3770	18	
113.0092353	37.99124387	3770	21	
113.0092117	37.99126462	3770	24	
113.0091915	37.99128537	3770	27	
113.0091696	37.99130612	3770	30	
113.0091477	37.99132687	3770	33	
113.0091258	37.99134762	3770	36	
113.009104	37.99136837	3770	39	
113.0090821	37.99138912	3770	42	
113.0090602	37.99140986	3770	45	
113.0090383	37.99143061	3770	48	
113.0090164	37.99145136	3770	51	
113.0089945	37.99147211	3770	54	
113.0089726	37.99149286	3770	57	
113.0089508	37.99151361	3770	60	
113.0089289	37.99153436	3770	63	
113.008907	37.99155511	3770	66	
113.0088851	37.99157586	3770	69	
113.0088632	37.99159661	3770	72	
113.0088413	37.99161735	3770	75	
113.0088195	37.9916381	3770	78	
113.0087976	37.99165885	3770	81	
113.0087757	37.9916796	3770	84	
113.0087538	37.99170035	3770	87	
113.0087319	37.9917211	3770	90	
113.00871	37.99174185	3770	93	
113.0086882	37.99176259	3770	96	
113.0086663	37.99178334	3770	99	
113.0086444	37.99180409	3770	102	
113.0086225	37.99182485	3770	105	
113.0086006	37.99184559	3770	108	
113.0085787	37.99186634	3770	111	4G
113.0085568	37.99188709	3770	114	
113.008535	37.99190784	3770	117	
113.0085131	37.99192859	3770	120	
113.0084912	37.99194934	3770	123	
113.0084693	37.99197009	3770	126	
113.0084474	37.99199084	3770	129	
113.0084256	37.99201158	3770	132	
113.0084037	37.99203233	3770	135	
113.0083818	37.99205308	3770	138	
113.0083599	37.99207383	3770	141	
113.008338	37.99209458	3770	144	
113.0083161	37.99211532	3770	147	
113.0082942	37.99213607	3770	150	
113.0082724	37.99215683	3770	153	
113.0082505	37.99217758	3770	156	
113.0082286	37.99219832	3770	159	
113.0082067	37.99221907	3770	162	
113.0081848	37.99223982	3770	165	
113.0081629	37.99226057	3770	168	
113.008141	37.99228132	3770	171	
113.0081192	37.99230207	3770	174	
113.0080973	37.99232282	3770	177	
113.0080754	37.99234357	3770	180	
113.0080535	37.99236431	3770	183	
113.0080316	37.99238506	3770	186	
113.0080097	37.99240581	3770	189	
113.0079879	37.99242656	3770	192	
113.007966	37.99244731	3770	195	
113.0079441	37.99246805	3770	198	
113.0079222	37.99248881	3770	201	
113.0079003	37.99250956	3770	204	
113.0078784	37.99253031	3770	207	
113.0078566	37.99255105	3770	210	
113.0078347	37.9925718	3770	213	
113.0078128	37.99259255	3770	216	
113.0077909	37.9926133	3770	219	SW3
113.007769	37.99263405	3770	222	
113.0077471	37.9926548	3770	225	
113.0077252	37.99267555	3770	228	
113.0077034	37.9926963	3770	231	
113.0076815	37.99271704	3770	234	
113.0076596	37.99273779	3770	237	
113.0076377	37.99275855	3770	240	
113.0076158	37.9927793	3770	243	
113.0075939	37.99280005	3770	246	
113.0075721	37.99282079	3770	249	
113.0075502	37.99284154	3770	252	
113.0075283	37.99286229	3770	255	
113.0075064	37.99288304	3770	258	
113.0074845	37.99290378	3770	261	
113.0074626	37.99292453	3770	264	
113.0074408	37.99294528	3770	267	
113.0074189	37.99296603	3770	270	
113.007397	37.99298678	3770	273	
113.0073751	37.99300753	3770	276	
113.0073532	37.99302828	3770	279	
113.0073313	37.99304903	3770	282	
113.0073094	37.99306977	3770	285	
113.0072876	37.99309053	3770	288	
113.0072657	37.99311128	3770	291	
113.0072438	37.99313203	3770	294	
113.0072219	37.99315277	3770	297	
113.0072	37.99317352	3770	300	
113.0071781	37.99319427	3770	303	
113.0071563	37.99321502	3770	306	
113.0071344	37.99323577	3770	309	
113.0071125	37.99325652	3770	312	
113.0070906	37.99327727	3770	315	
113.0070687	37.99329802	3770	318	
113.0070468	37.99331877	3770	321	
113.0070249	37.99333951	3770	324	
113.0070031	37.99336026	3770	327	
113.0069812	37.99338101	3770	330	
113.0069593	37.99340176	3770	333	
113.0069374	37.99342251	3770	336	
113.0069155	37.99344326	3770	339	
113.0068936	37.99346401	3770	342	
113.0068718	37.99348476	3770	345	
113.0068499	37.9935055	3770	348	
113.006828	37.99352625	3770	351	
113.0068061	37.993547	3770	354	
113.0067842	37.99356775	3770	357	
113.0067623	37.9935885	3770	360	
113.0067405	37.99360925	3770	363	
113.0067186	37.99363	3770	366	
113.0066967	37.99365075	3770	369	
113.0066748	37.9936715	3770	372	
113.0066529	37.99369225	3770	375	
113.006631	37.993713	3770	378	
113.0066092	37.99373375	3770	381	
113.0065873	37.9937545	3770	384	
113.0065654	37.99377524	3770	387	
113.0065435	37.99379599	3770	390	
113.0065216	37.99381674	3770	393	
113.0064997	37.99383749	3770	396	
113.0064778	37.99385824	3770	399	
113.006456	37.99387899	3770	402	
113.0064341	37.99389974	3770	405	
113.0064122	37.99392049	3770	408	
113.0063903	37.99394123	3770	411	
113.0063684	37.99396198	3770	414	
113.0063465	37.99398273	3770	417	
113.0063247	37.99400348	3770	420	
113.0063028	37.99402423	3770	423	
113.0062809	37.99404498	3770	426	
113.006259	37.99406573	3770	429	
113.0062371	37.99408648	3770	432	
113.0062152	37.99410723	3770	435	
113.0061933	37.99412797	3770	438	
113.0061715	37.99414872	3770	441	
113.0061496	37.99416947	3770	444	
113.0061277	37.99419023	3770	447	
113.0061058	37.99421097	3770	450	
113.0060839	37.99423172	3770	453	
113.006062	37.99425247	3770	456	
113.0060402	37.99427322	3770	459	
113.0060183	37.99429397	3770	462	
113.0059964	37.99431472	3770	465	
113.0059745	37.99433547	3770	468	
113.0059526	37.99435622	3770	471	
113.0059307	37.99437696	3770	474	
113.0059088	37.99439771	3770	477	
113.005887	37.99441846	3770	480	
113.0058651	37.99443921	3770	483	
113.0058432	37.99445996	3770	486	
113.0058213	37.99448071	3770	489	
113.0057994	37.99450146	3770	492	
113.0057775	37.99452221	3770	495	
113.0057557	37.99454296	3770	498	
113.0057338	37.99456371	3770	501	
113.0057119	37.99458446	3770	504	
113.00569	37.99460521	3770	507	
113.0056681	37.99462596	3770	510	
113.0056462	37.9946467	3770	513	
113.0056243	37.99466745	3770	516	
113.0056025	37.9946882	3770	519	
113.0055806	37.99470895	3770	522	
113.0055587	37.9947297	3770	525	
113.0055368	37.99475044	3770	528	
113.0055149	37.99477119	3770	531	
113.0054931	37.99479195	3770	534	
113.0054712	37.99481269	3770	537	
113.0054493	37.99483344	3770	540	
113.0054274	37.99485419	3770	543	
113.0054055	37.99487494	3770	546	
113.0053836	37.99489569	3770	549	
113.0053617	37.99491644	3770	552	
113.0053399	37.99493719	3770	555	
113.005318	37.99495794	3770	558	
113.0052961	37.99497869	3770	561	
113.0052742	37.99499943	3770	564	
113.0052523	37.99502018	3770	567	
113.0052304	37.99504093	3770	570	
113.0052086	37.99506169	3770	573	
113.0051867	37.99508243	3770	576	
113.0051648	37.99510318	3770	579	
113.0051429	37.99512393	3770	582	
113.005121	37.99514468	3770	585	
113.0050991	37.99516543	3770	588	
113.0050772	37.99518618	3770	591	
113.0050554	37.99520693	3770	594	
113.0050335	37.99522768	3770	597	
113.0050116	37.99524842	3770	600	
113.0049897	37.99526917	3770	603	
113.0049678	37.99528992	3770	606	
113.0049459	37.99531067	3770	609	
113.0049241	37.99533143	3770	612	
113.0049022	37.99535217	3770	615	
113.0048803	37.99537292	3770	618	
113.0048584	37.99539367	3770	621	
113.0048365	37.99541442	3770	624	
113.0048146	37.99543517	3770	627	
113.0047927	37.99545592	3770	630	
113.0047709	37.99547667	3770	633	
113.004749	37.99549742	3770	636	
113.0047271	37.99551816	3770	639	
113.0047052	37.99553891	3770	642	
113.0046833	37.99555966	3770	645	
113.0046614	37.99558041	3770	648	
113.0046395	37.99560116	3770	651	
113.0046177	37.99562191	3770	654	
113.0045958	37.99564266	3770	657	
113.0045739	37.99566341	3770	660	
113.004552	37.99568416	3770	663	
113.0045301	37.99570491	3770	666	
113.0045082	37.99572566	3770	669	
113.0044864	37.99574641	3770	672	
113.0044645	37.99576716	3770	675	
113.0044426	37.9957879	3770	678	
113.0044207	37.99580865	3770	681	
113.0043988	37.9958294	3770	684	
113.0043769	37.99585015	3770	687	
113.004355	37.9958709	3770	690	
113.0043332	37.99589165	3770	693	
113.0043113	37.9959124	3770	696	
113.0042894	37.99593315	3770	699	
113.0042675	37.9959539	3770	702	
113.0042456	37.99597465	3770	705	
113.0042237	37.9959954	3770	708	
113.0042019	37.99601615	3770	711	
113.00418	37.99603689	3770	714	
113.0041581	37.99605764	3770	717	
113.0041362	37.99607839	3770	720	
113.0041143	37.99609914	3770	723	
113.0040924	37.99611989	3770	726	
113.0040706	37.99614063	3770	729	
113.0040487	37.99616138	3770	732	
113.0040268	37.99618213	3770	735	
113.0040049	37.99620289	3770	738	
113.003983	37.99622363	3770	741	
113.0039611	37.99624438	3770	744	
113.0039393	37.99626513	3770	747	
113.0039174	37.99628588	3770	750	
113.0038955	37.99630663	3770	753	
113.0038736	37.99632738	3770	756	
113.0038517	37.99634813	3770	759	
113.0038298	37.99636888	3770	762	
113.0038079	37.99638962	3770	765	
113.0037861	37.99641037	3770	768	
113.0037642	37.99643112	3770	771	
113.0037423	37.99645188	3770	774	
113.0037204	37.99647262	3770	777	
113.0036985	37.99649337	3770	780	
113.0036766	37.99651412	3770	783	
113.0036548	37.99653487	3770	786	
113.0036329	37.99655562	3770	789	
113.003611	37.99657637	3770	792	
113.0035891	37.99659712	3770	795	
113.0035672	37.99661787	3770	798	
113.0035453	37.99663862	3770	801	
113.0035234	37.99665936	3770	804	
113.0035016	37.99668011	3770	807	
113.0034797	37.99670086	3770	810	
113.0034578	37.99672162	3770	813	
113.0034359	37.99674236	3770	816	
113.003414	37.99676311	3770	819	
113.0033921	37.99678386	3770	822	
113.0033703	37.99680461	3770	825	
113.0033484	37.99682536	3770	828	
113.0033265	37.99684611	3770	831	
113.0033046	37.99686686	3770	834	
113.0032827	37.99688761	3770	837	
113.0032608	37.99690835	3770	840	
113.0032389	37.9969291	3770	843	
113.0032171	37.99694985	3770	846	
113.0031952	37.9969706	3770	849	
113.0031733	37.99699135	3770	852	
113.0031514	37.9970121	3770	855	
113.0031295	37.99703285	3770	858	
113.0031076	37.9970536	3770	861	
113.0030858	37.99707435	3770	864	
113.0030639	37.9970951	3770	867	
113.003042	37.99711585	3770	870	
113.0030201	37.9971366	3770	873	
113.0029982	37.99715735	3770	876	
113.0029763	37.99717809	3770	879	
113.0029544	37.99719884	3770	882	
113.0029326	37.99721959	3770	885	
113.0029107	37.99724034	3770	888	
113.0028888	37.99726109	3770	891	
113.0028669	37.99728184	3770	894	
113.002845	37.99730259	3770	897	
113.0028231	37.99732334	3770	900	
113.0028012	37.99734408	3770	903	
113.0027794	37.99736484	3770	906	
113.0027575	37.99738559	3770	909	
113.0027356	37.99740634	3770	912	
113.0027137	37.99742709	3770	915	
113.0026918	37.99744784	3770	918	
113.0026699	37.99746859	3770	921	
113.0026481	37.99748934	3770	924	
113.0026262	37.99751009	3770	927	
113.0026043	37.99753083	3770	930	
113.0025824	37.99755158	3770	933	
113.0025605	37.99757234	3770	936	
113.0025386	37.99759309	3770	939	
113.0025167	37.99761383	3770	942	
113.0024949	37.99763458	3770	945	
113.002473	37.99765533	3770	948	
113.0024511	37.99767608	3770	951	
113.0024292	37.99769683	3770	954	
113.0024073	37.99771758	3770	957	
113.0023854	37.99773833	3770	960	
113.0023636	37.99775908	3770	963	
113.0023417	37.99777982	3770	966	
113.0023198	37.99780057	3770	969	
113.0022979	37.99782132	3770	972	
113.002276	37.99784208	3770	975	
113.0022541	37.99786282	3770	978	
113.0022322	37.99788357	3770	981	
113.0022104	37.99790432	3770	984	
113.0021885	37.99792507	3770	987	
113.0021666	37.99794582	3770	990	
113.0021447	37.99796657	3770	993	
113.0021228	37.99798732	3770	996	
113.0021009	37.99800807	3770	999	
113.0020791	37.99802882	3770	1002	
113.0020572	37.99804956	3770	1005	
113.0020353	37.99807031	3770	1008	
113.0020134	37.99809106	3770	1011	
113.0019915	37.99811182	3770	1014	
113.0019696	37.99813256	3770	1017	
113.0019477	37.99815331	3770	1020	
113.0019259	37.99817406	3770	1023	
113.001904	37.99819481	3770	1026	
113.0018821	37.99821556	3770	1029	
113.0018602	37.99823631	3770	1032	
113.0018383	37.99825706	3770	1035	
113.0018164	37.99827781	3770	1038	
113.0017946	37.99829856	3770	1041	
113.0017727	37.9983193	3770	1044	
113.0017508	37.99834005	3770	1047	
113.0017289	37.9983608	3770	1050	
113.001707	37.99838156	3770	1053	
113.0016851	37.9984023	3770	1056	
113.0016632	37.99842305	3770	1059	
113.0016414	37.9984438	3770	1062	
113.0016195	37.99846455	3770	1065	
113.0015976	37.9984853	3770	1068	
113.0015757	37.99850605	3770	1071	
113.0015538	37.9985268	3770	1074	
113.0015319	37.99854755	3770	1077	
113.00151	37.99856829	3770	1080	
113.0014882	37.99858904	3770	1083	
113.0014663	37.99860979	3770	1086	
113.0014444	37.99863054	3770	1089	
113.0014225	37.99865129	3770	1092	
113.0014006	37.99867204	3770	1095	
113.0013787	37.99869279	3770	1098	
113.0013569	37.99871354	3770	1101	
113.001335	37.99873429	3770	1104	
113.0013131	37.99875504	3770	1107	
113.0012912	37.99877579	3770	1110	
113.0012693	37.99879654	3770	1113	
113.0012474	37.99881729	3770	1116	
113.0012255	37.99883804	3770	1119	
113.0012037	37.99885879	3770	1122	
113.0011818	37.99887954	3770	1125	
113.0011599	37.99890029	3770	1128	
113.001138	37.99892103	3770	1131	
113.0011161	37.99894179	3770	1134	
113.0010942	37.99896254	3770	1137	
113.0010724	37.99898329	3770	1140	
113.0010505	37.99900403	3770	1143	
113.0010286	37.99902478	3770	1146	
113.0010067	37.99904553	3770	1149	
113.0009848	37.99906628	3770	1152	
113.0009629	37.99908703	3770	1155	
113.000941	37.99910778	3770	1158	
113.0009192	37.99912853	3770	1161	
113.0008973	37.99914928	3770	1164	
113.0008754	37.99917003	3770	1167	
113.0008535	37.99919077	3770	1170	
113.0008316	37.99921153	3770	1173	
113.0008097	37.99923228	3770	1176	
113.0007879	37.99925303	3770	1179	
113.000766	37.99927377	3770	1182	
113.0007441	37.99929452	3770	1185	
113.0007222	37.99931527	3770	1188	
113.0007003	37.99933602	3770	1191	
113.0006784	37.99935677	3770	1194	
113.0006565	37.99937752	3770	1197	
113.0006347	37.99939827	3770	1200	
113.0006128	37.99941902	3770	1203	
113.0005909	37.99943976	3770	1206	
113.000569	37.99946051	3770	1209	
113.0005471	37.99948127	3770	1212	
113.0005252	37.99950202	3770	1215	
113.0005033	37.99952276	3770	1218	
113.0004815	37.99954351	3770	1221	
113.0004596	37.99956426	3770	1224	
113.0004377	37.99958502	3770	1227	
113.0004158	37.99960577	3770	1230	
113.0003939	37.99962651	3770	1233	
113.000372	37.99964726	3770	1236	
113.0003502	37.99966801	3770	1239	
113.0003283	37.99968877	3770	1242	
113.0003064	37.99970951	3770	1245	
113.0002845	37.99973026	3770	1248	
113.0002626	37.99975101	3770	1251	
113.0002407	37.99977176	3770	1254	
113.0002188	37.99979251	3770	1257	
113.000197	37.99981326	3770	1260	
113.0001751	37.99983401	3770	1263	
113.0001532	37.99985476	3770	1266	
113.0001313	37.9998755	3770	1269	
113.0001094	37.99989625	3770	1272	
113.0000875	37.999917	3770	1275	
113.0000657	37.99993775	3770	1278	
113.0000438	37.9999585	3770	1281	
113.0000219	37.99997925	3770	1284	
113	38	3770	1287	XIII
